Label_1,Label_2,Distance
0,0,0
0,1,0.866025
0,7,0.866025
0,25,0.866025
0,31,0.866025
0,97,0.866025
0,103,0.866025
0,121,0.866025
0,127,0.866025
1,0,0.866025
1,1,0
1,2,0.866025
1,8,0.866025
1,10,0.866025
1,32,0.866025
1,34,0.866025
1,40,0.866025
1,42,0.866025
2,1,0.866025
2,2,0
2,3,0.866025
2,25,0.866025
2,27,0.866025
2,97,0.866025
2,99,0.866025
2,121,0.866025
2,123,0.866025
3,2,0.866025
3,3,0
3,4,0.866025
3,10,0.866025
3,12,0.866025
3,34,0.866025
3,36,0.866025
3,42,0.866025
3,44,0.866025
4,3,0.866025
4,4,0
4,5,0.866025
4,27,0.866025
4,29,0.866025
4,99,0.866025
4,101,0.866025
4,123,0.866025
4,125,0.866025
5,4,0.866025
5,5,0
5,6,0.866025
5,12,0.866025
5,14,0.866025
5,36,0.866025
5,38,0.866025
5,44,0.866025
5,46,0.866025
6,5,0.866025
6,6,0
6,7,0.866025
6,29,0.866025
6,31,0.866025
6,101,0.866025
6,103,0.866025
6,125,0.866025
6,127,0.866025
7,0,0.866025
7,6,0.866025
7,7,0
7,8,0.866025
7,14,0.866025
7,32,0.866025
7,38,0.866025
7,40,0.866025
7,46,0.866025
8,1,0.866025
8,7,0.866025
8,8,0
8,9,0.866025
8,15,0.866025
8,97,0.866025
8,103,0.866025
8,105,0.866025
8,111,0.866025
9,8,0.866025
9,9,0
9,10,0.866025
9,16,0.866025
9,18,0.866025
9,40,0.866025
9,42,0.866025
9,48,0.866025
9,50,0.866025
10,1,0.866025
10,3,0.866025
10,9,0.866025
10,10,0
10,11,0.866025
10,97,0.866025
10,99,0.866025
10,105,0.866025
10,107,0.866025
11,10,0.866025
11,11,0
11,12,0.866025
11,18,0.866025
11,20,0.866025
11,42,0.866025
11,44,0.866025
11,50,0.866025
11,52,0.866025
12,3,0.866025
12,5,0.866025
12,11,0.866025
12,12,0
12,13,0.866025
12,99,0.866025
12,101,0.866025
12,107,0.866025
12,109,0.866025
13,12,0.866025
13,13,0
13,14,0.866025
13,20,0.866025
13,22,0.866025
13,44,0.866025
13,46,0.866025
13,52,0.866025
13,54,0.866025
14,5,0.866025
14,7,0.866025
14,13,0.866025
14,14,0
14,15,0.866025
14,101,0.866025
14,103,0.866025
14,109,0.866025
14,111,0.866025
15,8,0.866025
15,14,0.866025
15,15,0
15,16,0.866025
15,22,0.866025
15,40,0.866025
15,46,0.866025
15,48,0.866025
15,54,0.866025
16,9,0.866025
16,15,0.866025
16,16,0
16,17,0.866025
16,23,0.866025
16,105,0.866025
16,111,0.866025
16,113,0.866025
16,119,0.866025
17,16,0.866025
17,17,0
17,18,0.866025
17,24,0.866025
17,26,0.866025
17,48,0.866025
17,50,0.866025
17,56,0.866025
17,58,0.866025
18,9,0.866025
18,11,0.866025
18,17,0.866025
18,18,0
18,19,0.866025
18,105,0.866025
18,107,0.866025
18,113,0.866025
18,115,0.866025
19,18,0.866025
19,19,0
19,20,0.866025
19,26,0.866025
19,28,0.866025
19,50,0.866025
19,52,0.866025
19,58,0.866025
19,60,0.866025
20,11,0.866025
20,13,0.866025
20,19,0.866025
20,20,0
20,21,0.866025
20,107,0.866025
20,109,0.866025
20,115,0.866025
20,117,0.866025
21,20,0.866025
21,21,0
21,22,0.866025
21,28,0.866025
21,30,0.866025
21,52,0.866025
21,54,0.866025
21,60,0.866025
21,62,0.866025
22,13,0.866025
22,15,0.866025
22,21,0.866025
22,22,0
22,23,0.866025
22,109,0.866025
22,111,0.866025
22,117,0.866025
22,119,0.866025
23,16,0.866025
23,22,0.866025
23,23,0
23,24,0.866025
23,30,0.866025
23,48,0.866025
23,54,0.866025
23,56,0.866025
23,62,0.866025
24,17,0.866025
24,23,0.866025
24,24,0
24,25,0.866025
24,31,0.866025
24,113,0.866025
24,119,0.866025
24,121,0.866025
24,127,0.866025
25,0,0.866025
25,2,0.866025
25,24,0.866025
25,25,0
25,26,0.866025
25,32,0.866025
25,34,0.866025
25,56,0.866025
25,58,0.866025
26,17,0.866025
26,19,0.866025
26,25,0.866025
26,26,0
26,27,0.866025
26,113,0.866025
26,115,0.866025
26,121,0.866025
26,123,0.866025
27,2,0.866025
27,4,0.866025
27,26,0.866025
27,27,0
27,28,0.866025
27,34,0.866025
27,36,0.866025
27,58,0.866025
27,60,0.866025
28,19,0.866025
28,21,0.866025
28,27,0.866025
28,28,0
28,29,0.866025
28,115,0.866025
28,117,0.866025
28,123,0.866025
28,125,0.866025
29,4,0.866025
29,6,0.866025
29,28,0.866025
29,29,0
29,30,0.866025
29,36,0.866025
29,38,0.866025
29,60,0.866025
29,62,0.866025
30,21,0.866025
30,23,0.866025
30,29,0.866025
30,30,0
30,31,0.866025
30,117,0.866025
30,119,0.866025
30,125,0.866025
30,127,0.866025
31,0,0.866025
31,6,0.866025
31,24,0.866025
31,30,0.866025
31,31,0
31,32,0.866025
31,38,0.866025
31,56,0.866025
31,62,0.866025
32,1,0.866025
32,7,0.866025
32,25,0.866025
32,31,0.866025
32,32,0
32,33,0.866025
32,39,0.866025
32,57,0.866025
32,63,0.866025
33,32,0.866025
33,33,0
33,34,0.866025
33,40,0.866025
33,42,0.866025
33,64,0.866025
33,66,0.866025
33,72,0.866025
33,74,0.866025
34,1,0.866025
34,3,0.866025
34,25,0.866025
34,27,0.866025
34,33,0.866025
34,34,0
34,35,0.866025
34,57,0.866025
34,59,0.866025
35,34,0.866025
35,35,0
35,36,0.866025
35,42,0.866025
35,44,0.866025
35,66,0.866025
35,68,0.866025
35,74,0.866025
35,76,0.866025
36,3,0.866025
36,5,0.866025
36,27,0.866025
36,29,0.866025
36,35,0.866025
36,36,0
36,37,0.866025
36,59,0.866025
36,61,0.866025
37,36,0.866025
37,37,0
37,38,0.866025
37,44,0.866025
37,46,0.866025
37,68,0.866025
37,70,0.866025
37,76,0.866025
37,78,0.866025
38,5,0.866025
38,7,0.866025
38,29,0.866025
38,31,0.866025
38,37,0.866025
38,38,0
38,39,0.866025
38,61,0.866025
38,63,0.866025
39,32,0.866025
39,38,0.866025
39,39,0
39,40,0.866025
39,46,0.866025
39,64,0.866025
39,70,0.866025
39,72,0.866025
39,78,0.866025
40,1,0.866025
40,7,0.866025
40,9,0.866025
40,15,0.866025
40,33,0.866025
40,39,0.866025
40,40,0
40,41,0.866025
40,47,0.866025
41,40,0.866025
41,41,0
41,42,0.866025
41,48,0.866025
41,50,0.866025
41,72,0.866025
41,74,0.866025
41,80,0.866025
41,82,0.866025
42,1,0.866025
42,3,0.866025
42,9,0.866025
42,11,0.866025
42,33,0.866025
42,35,0.866025
42,41,0.866025
42,42,0
42,43,0.866025
43,42,0.866025
43,43,0
43,44,0.866025
43,50,0.866025
43,52,0.866025
43,74,0.866025
43,76,0.866025
43,82,0.866025
43,84,0.866025
44,3,0.866025
44,5,0.866025
44,11,0.866025
44,13,0.866025
44,35,0.866025
44,37,0.866025
44,43,0.866025
44,44,0
44,45,0.866025
45,44,0.866025
45,45,0
45,46,0.866025
45,52,0.866025
45,54,0.866025
45,76,0.866025
45,78,0.866025
45,84,0.866025
45,86,0.866025
46,5,0.866025
46,7,0.866025
46,13,0.866025
46,15,0.866025
46,37,0.866025
46,39,0.866025
46,45,0.866025
46,46,0
46,47,0.866025
47,40,0.866025
47,46,0.866025
47,47,0
47,48,0.866025
47,54,0.866025
47,72,0.866025
47,78,0.866025
47,80,0.866025
47,86,0.866025
48,9,0.866025
48,15,0.866025
48,17,0.866025
48,23,0.866025
48,41,0.866025
48,47,0.866025
48,48,0
48,49,0.866025
48,55,0.866025
49,48,0.866025
49,49,0
49,50,0.866025
49,56,0.866025
49,58,0.866025
49,80,0.866025
49,82,0.866025
49,88,0.866025
49,90,0.866025
50,9,0.866025
50,11,0.866025
50,17,0.866025
50,19,0.866025
50,41,0.866025
50,43,0.866025
50,49,0.866025
50,50,0
50,51,0.866025
51,50,0.866025
51,51,0
51,52,0.866025
51,58,0.866025
51,60,0.866025
51,82,0.866025
51,84,0.866025
51,90,0.866025
51,92,0.866025
52,11,0.866025
52,13,0.866025
52,19,0.866025
52,21,0.866025
52,43,0.866025
52,45,0.866025
52,51,0.866025
52,52,0
52,53,0.866025
53,52,0.866025
53,53,0
53,54,0.866025
53,60,0.866025
53,62,0.866025
53,84,0.866025
53,86,0.866025
53,92,0.866025
53,94,0.866025
54,13,0.866025
54,15,0.866025
54,21,0.866025
54,23,0.866025
54,45,0.866025
54,47,0.866025
54,53,0.866025
54,54,0
54,55,0.866025
55,48,0.866025
55,54,0.866025
55,55,0
55,56,0.866025
55,62,0.866025
55,80,0.866025
55,86,0.866025
55,88,0.866025
55,94,0.866025
56,17,0.866025
56,23,0.866025
56,25,0.866025
56,31,0.866025
56,49,0.866025
56,55,0.866025
56,56,0
56,57,0.866025
56,63,0.866025
57,32,0.866025
57,34,0.866025
57,56,0.866025
57,57,0
57,58,0.866025
57,64,0.866025
57,66,0.866025
57,88,0.866025
57,90,0.866025
58,17,0.866025
58,19,0.866025
58,25,0.866025
58,27,0.866025
58,49,0.866025
58,51,0.866025
58,57,0.866025
58,58,0
58,59,0.866025
59,34,0.866025
59,36,0.866025
59,58,0.866025
59,59,0
59,60,0.866025
59,66,0.866025
59,68,0.866025
59,90,0.866025
59,92,0.866025
60,19,0.866025
60,21,0.866025
60,27,0.866025
60,29,0.866025
60,51,0.866025
60,53,0.866025
60,59,0.866025
60,60,0
60,61,0.866025
61,36,0.866025
61,38,0.866025
61,60,0.866025
61,61,0
61,62,0.866025
61,68,0.866025
61,70,0.866025
61,92,0.866025
61,94,0.866025
62,21,0.866025
62,23,0.866025
62,29,0.866025
62,31,0.866025
62,53,0.866025
62,55,0.866025
62,61,0.866025
62,62,0
62,63,0.866025
63,32,0.866025
63,38,0.866025
63,56,0.866025
63,62,0.866025
63,63,0
63,64,0.866025
63,70,0.866025
63,88,0.866025
63,94,0.866025
64,33,0.866025
64,39,0.866025
64,57,0.866025
64,63,0.866025
64,64,0
64,65,0.866025
64,71,0.866025
64,89,0.866025
64,95,0.866025
65,64,0.866025
65,65,0
65,66,0.866025
65,72,0.866025
65,74,0.866025
65,96,0.866025
65,98,0.866025
65,104,0.866025
65,106,0.866025
66,33,0.866025
66,35,0.866025
66,57,0.866025
66,59,0.866025
66,65,0.866025
66,66,0
66,67,0.866025
66,89,0.866025
66,91,0.866025
67,66,0.866025
67,67,0
67,68,0.866025
67,74,0.866025
67,76,0.866025
67,98,0.866025
67,100,0.866025
67,106,0.866025
67,108,0.866025
68,35,0.866025
68,37,0.866025
68,59,0.866025
68,61,0.866025
68,67,0.866025
68,68,0
68,69,0.866025
68,91,0.866025
68,93,0.866025
69,68,0.866025
69,69,0
69,70,0.866025
69,76,0.866025
69,78,0.866025
69,100,0.866025
69,102,0.866025
69,108,0.866025
69,110,0.866025
70,37,0.866025
70,39,0.866025
70,61,0.866025
70,63,0.866025
70,69,0.866025
70,70,0
70,71,0.866025
70,93,0.866025
70,95,0.866025
71,64,0.866025
71,70,0.866025
71,71,0
71,72,0.866025
71,78,0.866025
71,96,0.866025
71,102,0.866025
71,104,0.866025
71,110,0.866025
72,33,0.866025
72,39,0.866025
72,41,0.866025
72,47,0.866025
72,65,0.866025
72,71,0.866025
72,72,0
72,73,0.866025
72,79,0.866025
73,72,0.866025
73,73,0
73,74,0.866025
73,80,0.866025
73,82,0.866025
73,104,0.866025
73,106,0.866025
73,112,0.866025
73,114,0.866025
74,33,0.866025
74,35,0.866025
74,41,0.866025
74,43,0.866025
74,65,0.866025
74,67,0.866025
74,73,0.866025
74,74,0
74,75,0.866025
75,74,0.866025
75,75,0
75,76,0.866025
75,82,0.866025
75,84,0.866025
75,106,0.866025
75,108,0.866025
75,114,0.866025
75,116,0.866025
76,35,0.866025
76,37,0.866025
76,43,0.866025
76,45,0.866025
76,67,0.866025
76,69,0.866025
76,75,0.866025
76,76,0
76,77,0.866025
77,76,0.866025
77,77,0
77,78,0.866025
77,84,0.866025
77,86,0.866025
77,108,0.866025
77,110,0.866025
77,116,0.866025
77,118,0.866025
78,37,0.866025
78,39,0.866025
78,45,0.866025
78,47,0.866025
78,69,0.866025
78,71,0.866025
78,77,0.866025
78,78,0
78,79,0.866025
79,72,0.866025
79,78,0.866025
79,79,0
79,80,0.866025
79,86,0.866025
79,104,0.866025
79,110,0.866025
79,112,0.866025
79,118,0.866025
80,41,0.866025
80,47,0.866025
80,49,0.866025
80,55,0.866025
80,73,0.866025
80,79,0.866025
80,80,0
80,81,0.866025
80,87,0.866025
81,80,0.866025
81,81,0
81,82,0.866025
81,88,0.866025
81,90,0.866025
81,112,0.866025
81,114,0.866025
81,120,0.866025
81,122,0.866025
82,41,0.866025
82,43,0.866025
82,49,0.866025
82,51,0.866025
82,73,0.866025
82,75,0.866025
82,81,0.866025
82,82,0
82,83,0.866025
83,82,0.866025
83,83,0
83,84,0.866025
83,90,0.866025
83,92,0.866025
83,114,0.866025
83,116,0.866025
83,122,0.866025
83,124,0.866025
84,43,0.866025
84,45,0.866025
84,51,0.866025
84,53,0.866025
84,75,0.866025
84,77,0.866025
84,83,0.866025
84,84,0
84,85,0.866025
85,84,0.866025
85,85,0
85,86,0.866025
85,92,0.866025
85,94,0.866025
85,116,0.866025
85,118,0.866025
85,124,0.866025
85,126,0.866025
86,45,0.866025
86,47,0.866025
86,53,0.866025
86,55,0.866025
86,77,0.866025
86,79,0.866025
86,85,0.866025
86,86,0
86,87,0.866025
87,80,0.866025
87,86,0.866025
87,87,0
87,88,0.866025
87,94,0.866025
87,112,0.866025
87,118,0.866025
87,120,0.866025
87,126,0.866025
88,49,0.866025
88,55,0.866025
88,57,0.866025
88,63,0.866025
88,81,0.866025
88,87,0.866025
88,88,0
88,89,0.866025
88,95,0.866025
89,64,0.866025
89,66,0.866025
89,88,0.866025
89,89,0
89,90,0.866025
89,96,0.866025
89,98,0.866025
89,120,0.866025
89,122,0.866025
90,49,0.866025
90,51,0.866025
90,57,0.866025
90,59,0.866025
90,81,0.866025
90,83,0.866025
90,89,0.866025
90,90,0
90,91,0.866025
91,66,0.866025
91,68,0.866025
91,90,0.866025
91,91,0
91,92,0.866025
91,98,0.866025
91,100,0.866025
91,122,0.866025
91,124,0.866025
92,51,0.866025
92,53,0.866025
92,59,0.866025
92,61,0.866025
92,83,0.866025
92,85,0.866025
92,91,0.866025
92,92,0
92,93,0.866025
93,68,0.866025
93,70,0.866025
93,92,0.866025
93,93,0
93,94,0.866025
93,100,0.866025
93,102,0.866025
93,124,0.866025
93,126,0.866025
94,53,0.866025
94,55,0.866025
94,61,0.866025
94,63,0.866025
94,85,0.866025
94,87,0.866025
94,93,0.866025
94,94,0
94,95,0.866025
95,64,0.866025
95,70,0.866025
95,88,0.866025
95,94,0.866025
95,95,0
95,96,0.866025
95,102,0.866025
95,120,0.866025
95,126,0.866025
96,65,0.866025
96,71,0.866025
96,89,0.866025
96,95,0.866025
96,96,0
96,97,0.866025
96,103,0.866025
96,121,0.866025
96,127,0.866025
97,0,0.866025
97,2,0.866025
97,8,0.866025
97,10,0.866025
97,96,0.866025
97,97,0
97,98,0.866025
97,104,0.866025
97,106,0.866025
98,65,0.866025
98,67,0.866025
98,89,0.866025
98,91,0.866025
98,97,0.866025
98,98,0
98,99,0.866025
98,121,0.866025
98,123,0.866025
99,2,0.866025
99,4,0.866025
99,10,0.866025
99,12,0.866025
99,98,0.866025
99,99,0
99,100,0.866025
99,106,0.866025
99,108,0.866025
100,67,0.866025
100,69,0.866025
100,91,0.866025
100,93,0.866025
100,99,0.866025
100,100,0
100,101,0.866025
100,123,0.866025
100,125,0.866025
101,4,0.866025
101,6,0.866025
101,12,0.866025
101,14,0.866025
101,100,0.866025
101,101,0
101,102,0.866025
101,108,0.866025
101,110,0.866025
102,69,0.866025
102,71,0.866025
102,93,0.866025
102,95,0.866025
102,101,0.866025
102,102,0
102,103,0.866025
102,125,0.866025
102,127,0.866025
103,0,0.866025
103,6,0.866025
103,8,0.866025
103,14,0.866025
103,96,0.866025
103,102,0.866025
103,103,0
103,104,0.866025
103,110,0.866025
104,65,0.866025
104,71,0.866025
104,73,0.866025
104,79,0.866025
104,97,0.866025
104,103,0.866025
104,104,0
104,105,0.866025
104,111,0.866025
105,8,0.866025
105,10,0.866025
105,16,0.866025
105,18,0.866025
105,104,0.866025
105,105,0
105,106,0.866025
105,112,0.866025
105,114,0.866025
106,65,0.866025
106,67,0.866025
106,73,0.866025
106,75,0.866025
106,97,0.866025
106,99,0.866025
106,105,0.866025
106,106,0
106,107,0.866025
107,10,0.866025
107,12,0.866025
107,18,0.866025
107,20,0.866025
107,106,0.866025
107,107,0
107,108,0.866025
107,114,0.866025
107,116,0.866025
108,67,0.866025
108,69,0.866025
108,75,0.866025
108,77,0.866025
108,99,0.866025
108,101,0.866025
108,107,0.866025
108,108,0
108,109,0.866025
109,12,0.866025
109,14,0.866025
109,20,0.866025
109,22,0.866025
109,108,0.866025
109,109,0
109,110,0.866025
109,116,0.866025
109,118,0.866025
110,69,0.866025
110,71,0.866025
110,77,0.866025
110,79,0.866025
110,101,0.866025
110,103,0.866025
110,109,0.866025
110,110,0
110,111,0.866025
111,8,0.866025
111,14,0.866025
111,16,0.866025
111,22,0.866025
111,104,0.866025
111,110,0.866025
111,111,0
111,112,0.866025
111,118,0.866025
112,73,0.866025
112,79,0.866025
112,81,0.866025
112,87,0.866025
112,105,0.866025
112,111,0.866025
112,112,0
112,113,0.866025
112,119,0.866025
113,16,0.866025
113,18,0.866025
113,24,0.866025
113,26,0.866025
113,112,0.866025
113,113,0
113,114,0.866025
113,120,0.866025
113,122,0.866025
114,73,0.866025
114,75,0.866025
114,81,0.866025
114,83,0.866025
114,105,0.866025
114,107,0.866025
114,113,0.866025
114,114,0
114,115,0.866025
115,18,0.866025
115,20,0.866025
115,26,0.866025
115,28,0.866025
115,114,0.866025
115,115,0
115,116,0.866025
115,122,0.866025
115,124,0.866025
116,75,0.866025
116,77,0.866025
116,83,0.866025
116,85,0.866025
116,107,0.866025
116,109,0.866025
116,115,0.866025
116,116,0
116,117,0.866025
117,20,0.866025
117,22,0.866025
117,28,0.866025
117,30,0.866025
117,116,0.866025
117,117,0
117,118,0.866025
117,124,0.866025
117,126,0.866025
118,77,0.866025
118,79,0.866025
118,85,0.866025
118,87,0.866025
118,109,0.866025
118,111,0.866025
118,117,0.866025
118,118,0
118,119,0.866025
119,16,0.866025
119,22,0.866025
119,24,0.866025
119,30,0.866025
119,112,0.866025
119,118,0.866025
119,119,0
119,120,0.866025
119,126,0.866025
120,81,0.866025
120,87,0.866025
120,89,0.866025
120,95,0.866025
120,113,0.866025
120,119,0.866025
120,120,0
120,121,0.866025
120,127,0.866025
121,0,0.866025
121,2,0.866025
121,24,0.866025
121,26,0.866025
121,96,0.866025
121,98,0.866025
121,120,0.866025
121,121,0
121,122,0.866025
122,81,0.866025
122,83,0.866025
122,89,0.866025
122,91,0.866025
122,113,0.866025
122,115,0.866025
122,121,0.866025
122,122,0
122,123,0.866025
123,2,0.866025
123,4,0.866025
123,26,0.866025
123,28,0.866025
123,98,0.866025
123,100,0.866025
123,122,0.866025
123,123,0
123,124,0.866025
124,83,0.866025
124,85,0.866025
124,91,0.866025
124,93,0.866025
124,115,0.866025
124,117,0.866025
124,123,0.866025
124,124,0
124,125,0.866025
125,4,0.866025
125,6,0.866025
125,28,0.866025
125,30,0.866025
125,100,0.866025
125,102,0.866025
125,124,0.866025
125,125,0
125,126,0.866025
126,85,0.866025
126,87,0.866025
126,93,0.866025
126,95,0.866025
126,117,0.866025
126,119,0.866025
126,125,0.866025
126,126,0
126,127,0.866025
127,0,0.866025
127,6,0.866025
127,24,0.866025
127,30,0.866025
127,96,0.866025
127,102,0.866025
127,120,0.866025
127,126,0.866025
127,127,0
