Label_1,Label_2,Distance
0,0,0
0,1,0.707107
0,2,0.707107
0,3,0.707107
0,13,0.707107
0,14,0.707107
0,49,0.707107
0,51,0.707107
0,61,0.707107
0,194,0.707107
0,195,0.707107
0,206,0.707107
0,243,0.707107
1,0,0.707107
1,1,0
1,2,0.707107
1,3,0.707107
1,4,0.707107
1,7,0.707107
1,16,0.707107
1,18,0.707107
1,20,0.707107
1,194,0.707107
1,195,0.707107
1,199,0.707107
1,210,0.707107
2,0,0.707107
2,1,0.707107
2,2,0
2,3,0.707107
2,4,0.707107
2,7,0.707107
2,49,0.707107
2,51,0.707107
2,55,0.707107
2,64,0.707107
2,65,0.707107
2,68,0.707107
2,113,0.707107
3,0,0.707107
3,1,0.707107
3,2,0.707107
3,3,0
3,13,0.707107
3,14,0.707107
3,16,0.707107
3,18,0.707107
3,30,0.707107
3,64,0.707107
3,65,0.707107
3,77,0.707107
3,80,0.707107
4,1,0.707107
4,2,0.707107
4,4,0
4,5,0.707107
4,6,0.707107
4,7,0.707107
4,49,0.707107
4,53,0.707107
4,55,0.707107
4,194,0.707107
4,198,0.707107
4,199,0.707107
4,247,0.707107
5,4,0.707107
5,5,0
5,6,0.707107
5,7,0.707107
5,8,0.707107
5,11,0.707107
5,20,0.707107
5,22,0.707107
5,24,0.707107
5,198,0.707107
5,199,0.707107
5,203,0.707107
5,214,0.707107
6,4,0.707107
6,5,0.707107
6,6,0
6,7,0.707107
6,8,0.707107
6,11,0.707107
6,53,0.707107
6,55,0.707107
6,59,0.707107
6,68,0.707107
6,69,0.707107
6,72,0.707107
6,117,0.707107
7,1,0.707107
7,2,0.707107
7,4,0.707107
7,5,0.707107
7,6,0.707107
7,7,0
7,18,0.707107
7,20,0.707107
7,22,0.707107
7,65,0.707107
7,68,0.707107
7,69,0.707107
7,84,0.707107
8,5,0.707107
8,6,0.707107
8,8,0
8,9,0.707107
8,10,0.707107
8,11,0.707107
8,53,0.707107
8,57,0.707107
8,59,0.707107
8,198,0.707107
8,202,0.707107
8,203,0.707107
8,251,0.707107
9,8,0.707107
9,9,0
9,10,0.707107
9,11,0.707107
9,12,0.707107
9,15,0.707107
9,24,0.707107
9,26,0.707107
9,28,0.707107
9,202,0.707107
9,203,0.707107
9,207,0.707107
9,218,0.707107
10,8,0.707107
10,9,0.707107
10,10,0
10,11,0.707107
10,12,0.707107
10,15,0.707107
10,57,0.707107
10,59,0.707107
10,63,0.707107
10,72,0.707107
10,73,0.707107
10,76,0.707107
10,121,0.707107
11,5,0.707107
11,6,0.707107
11,8,0.707107
11,9,0.707107
11,10,0.707107
11,11,0
11,22,0.707107
11,24,0.707107
11,26,0.707107
11,69,0.707107
11,72,0.707107
11,73,0.707107
11,88,0.707107
12,9,0.707107
12,10,0.707107
12,12,0
12,13,0.707107
12,14,0.707107
12,15,0.707107
12,57,0.707107
12,61,0.707107
12,63,0.707107
12,202,0.707107
12,206,0.707107
12,207,0.707107
12,255,0.707107
13,0,0.707107
13,3,0.707107
13,12,0.707107
13,13,0
13,14,0.707107
13,15,0.707107
13,16,0.707107
13,28,0.707107
13,30,0.707107
13,195,0.707107
13,206,0.707107
13,207,0.707107
13,222,0.707107
14,0,0.707107
14,3,0.707107
14,12,0.707107
14,13,0.707107
14,14,0
14,15,0.707107
14,51,0.707107
14,61,0.707107
14,63,0.707107
14,64,0.707107
14,76,0.707107
14,77,0.707107
14,125,0.707107
15,9,0.707107
15,10,0.707107
15,12,0.707107
15,13,0.707107
15,14,0.707107
15,15,0
15,26,0.707107
15,28,0.707107
15,30,0.707107
15,73,0.707107
15,76,0.707107
15,77,0.707107
15,92,0.707107
16,1,0.707107
16,3,0.707107
16,13,0.707107
16,16,0
16,17,0.707107
16,18,0.707107
16,19,0.707107
16,29,0.707107
16,30,0.707107
16,195,0.707107
16,210,0.707107
16,211,0.707107
16,222,0.707107
17,16,0.707107
17,17,0
17,18,0.707107
17,19,0.707107
17,20,0.707107
17,23,0.707107
17,32,0.707107
17,34,0.707107
17,36,0.707107
17,210,0.707107
17,211,0.707107
17,215,0.707107
17,226,0.707107
18,1,0.707107
18,3,0.707107
18,7,0.707107
18,16,0.707107
18,17,0.707107
18,18,0
18,19,0.707107
18,20,0.707107
18,23,0.707107
18,65,0.707107
18,80,0.707107
18,81,0.707107
18,84,0.707107
19,16,0.707107
19,17,0.707107
19,18,0.707107
19,19,0
19,29,0.707107
19,30,0.707107
19,32,0.707107
19,34,0.707107
19,46,0.707107
19,80,0.707107
19,81,0.707107
19,93,0.707107
19,96,0.707107
20,1,0.707107
20,5,0.707107
20,7,0.707107
20,17,0.707107
20,18,0.707107
20,20,0
20,21,0.707107
20,22,0.707107
20,23,0.707107
20,199,0.707107
20,210,0.707107
20,214,0.707107
20,215,0.707107
21,20,0.707107
21,21,0
21,22,0.707107
21,23,0.707107
21,24,0.707107
21,27,0.707107
21,36,0.707107
21,38,0.707107
21,40,0.707107
21,214,0.707107
21,215,0.707107
21,219,0.707107
21,230,0.707107
22,5,0.707107
22,7,0.707107
22,11,0.707107
22,20,0.707107
22,21,0.707107
22,22,0
22,23,0.707107
22,24,0.707107
22,27,0.707107
22,69,0.707107
22,84,0.707107
22,85,0.707107
22,88,0.707107
23,17,0.707107
23,18,0.707107
23,20,0.707107
23,21,0.707107
23,22,0.707107
23,23,0
23,34,0.707107
23,36,0.707107
23,38,0.707107
23,81,0.707107
23,84,0.707107
23,85,0.707107
23,100,0.707107
24,5,0.707107
24,9,0.707107
24,11,0.707107
24,21,0.707107
24,22,0.707107
24,24,0
24,25,0.707107
24,26,0.707107
24,27,0.707107
24,203,0.707107
24,214,0.707107
24,218,0.707107
24,219,0.707107
25,24,0.707107
25,25,0
25,26,0.707107
25,27,0.707107
25,28,0.707107
25,31,0.707107
25,40,0.707107
25,42,0.707107
25,44,0.707107
25,218,0.707107
25,219,0.707107
25,223,0.707107
25,234,0.707107
26,9,0.707107
26,11,0.707107
26,15,0.707107
26,24,0.707107
26,25,0.707107
26,26,0
26,27,0.707107
26,28,0.707107
26,31,0.707107
26,73,0.707107
26,88,0.707107
26,89,0.707107
26,92,0.707107
27,21,0.707107
27,22,0.707107
27,24,0.707107
27,25,0.707107
27,26,0.707107
27,27,0
27,38,0.707107
27,40,0.707107
27,42,0.707107
27,85,0.707107
27,88,0.707107
27,89,0.707107
27,104,0.707107
28,9,0.707107
28,13,0.707107
28,15,0.707107
28,25,0.707107
28,26,0.707107
28,28,0
28,29,0.707107
28,30,0.707107
28,31,0.707107
28,207,0.707107
28,218,0.707107
28,222,0.707107
28,223,0.707107
29,16,0.707107
29,19,0.707107
29,28,0.707107
29,29,0
29,30,0.707107
29,31,0.707107
29,32,0.707107
29,44,0.707107
29,46,0.707107
29,211,0.707107
29,222,0.707107
29,223,0.707107
29,238,0.707107
30,3,0.707107
30,13,0.707107
30,15,0.707107
30,16,0.707107
30,19,0.707107
30,28,0.707107
30,29,0.707107
30,30,0
30,31,0.707107
30,77,0.707107
30,80,0.707107
30,92,0.707107
30,93,0.707107
31,25,0.707107
31,26,0.707107
31,28,0.707107
31,29,0.707107
31,30,0.707107
31,31,0
31,42,0.707107
31,44,0.707107
31,46,0.707107
31,89,0.707107
31,92,0.707107
31,93,0.707107
31,108,0.707107
32,17,0.707107
32,19,0.707107
32,29,0.707107
32,32,0
32,33,0.707107
32,34,0.707107
32,35,0.707107
32,45,0.707107
32,46,0.707107
32,211,0.707107
32,226,0.707107
32,227,0.707107
32,238,0.707107
33,32,0.707107
33,33,0
33,34,0.707107
33,35,0.707107
33,36,0.707107
33,39,0.707107
33,48,0.707107
33,50,0.707107
33,52,0.707107
33,226,0.707107
33,227,0.707107
33,231,0.707107
33,242,0.707107
34,17,0.707107
34,19,0.707107
34,23,0.707107
34,32,0.707107
34,33,0.707107
34,34,0
34,35,0.707107
34,36,0.707107
34,39,0.707107
34,81,0.707107
34,96,0.707107
34,97,0.707107
34,100,0.707107
35,32,0.707107
35,33,0.707107
35,34,0.707107
35,35,0
35,45,0.707107
35,46,0.707107
35,48,0.707107
35,50,0.707107
35,62,0.707107
35,96,0.707107
35,97,0.707107
35,109,0.707107
35,112,0.707107
36,17,0.707107
36,21,0.707107
36,23,0.707107
36,33,0.707107
36,34,0.707107
36,36,0
36,37,0.707107
36,38,0.707107
36,39,0.707107
36,215,0.707107
36,226,0.707107
36,230,0.707107
36,231,0.707107
37,36,0.707107
37,37,0
37,38,0.707107
37,39,0.707107
37,40,0.707107
37,43,0.707107
37,52,0.707107
37,54,0.707107
37,56,0.707107
37,230,0.707107
37,231,0.707107
37,235,0.707107
37,246,0.707107
38,21,0.707107
38,23,0.707107
38,27,0.707107
38,36,0.707107
38,37,0.707107
38,38,0
38,39,0.707107
38,40,0.707107
38,43,0.707107
38,85,0.707107
38,100,0.707107
38,101,0.707107
38,104,0.707107
39,33,0.707107
39,34,0.707107
39,36,0.707107
39,37,0.707107
39,38,0.707107
39,39,0
39,50,0.707107
39,52,0.707107
39,54,0.707107
39,97,0.707107
39,100,0.707107
39,101,0.707107
39,116,0.707107
40,21,0.707107
40,25,0.707107
40,27,0.707107
40,37,0.707107
40,38,0.707107
40,40,0
40,41,0.707107
40,42,0.707107
40,43,0.707107
40,219,0.707107
40,230,0.707107
40,234,0.707107
40,235,0.707107
41,40,0.707107
41,41,0
41,42,0.707107
41,43,0.707107
41,44,0.707107
41,47,0.707107
41,56,0.707107
41,58,0.707107
41,60,0.707107
41,234,0.707107
41,235,0.707107
41,239,0.707107
41,250,0.707107
42,25,0.707107
42,27,0.707107
42,31,0.707107
42,40,0.707107
42,41,0.707107
42,42,0
42,43,0.707107
42,44,0.707107
42,47,0.707107
42,89,0.707107
42,104,0.707107
42,105,0.707107
42,108,0.707107
43,37,0.707107
43,38,0.707107
43,40,0.707107
43,41,0.707107
43,42,0.707107
43,43,0
43,54,0.707107
43,56,0.707107
43,58,0.707107
43,101,0.707107
43,104,0.707107
43,105,0.707107
43,120,0.707107
44,25,0.707107
44,29,0.707107
44,31,0.707107
44,41,0.707107
44,42,0.707107
44,44,0
44,45,0.707107
44,46,0.707107
44,47,0.707107
44,223,0.707107
44,234,0.707107
44,238,0.707107
44,239,0.707107
45,32,0.707107
45,35,0.707107
45,44,0.707107
45,45,0
45,46,0.707107
45,47,0.707107
45,48,0.707107
45,60,0.707107
45,62,0.707107
45,227,0.707107
45,238,0.707107
45,239,0.707107
45,254,0.707107
46,19,0.707107
46,29,0.707107
46,31,0.707107
46,32,0.707107
46,35,0.707107
46,44,0.707107
46,45,0.707107
46,46,0
46,47,0.707107
46,93,0.707107
46,96,0.707107
46,108,0.707107
46,109,0.707107
47,41,0.707107
47,42,0.707107
47,44,0.707107
47,45,0.707107
47,46,0.707107
47,47,0
47,58,0.707107
47,60,0.707107
47,62,0.707107
47,105,0.707107
47,108,0.707107
47,109,0.707107
47,124,0.707107
48,33,0.707107
48,35,0.707107
48,45,0.707107
48,48,0
48,49,0.707107
48,50,0.707107
48,51,0.707107
48,61,0.707107
48,62,0.707107
48,227,0.707107
48,242,0.707107
48,243,0.707107
48,254,0.707107
49,0,0.707107
49,2,0.707107
49,4,0.707107
49,48,0.707107
49,49,0
49,50,0.707107
49,51,0.707107
49,52,0.707107
49,55,0.707107
49,194,0.707107
49,242,0.707107
49,243,0.707107
49,247,0.707107
50,33,0.707107
50,35,0.707107
50,39,0.707107
50,48,0.707107
50,49,0.707107
50,50,0
50,51,0.707107
50,52,0.707107
50,55,0.707107
50,97,0.707107
50,112,0.707107
50,113,0.707107
50,116,0.707107
51,0,0.707107
51,2,0.707107
51,14,0.707107
51,48,0.707107
51,49,0.707107
51,50,0.707107
51,51,0
51,61,0.707107
51,62,0.707107
51,64,0.707107
51,112,0.707107
51,113,0.707107
51,125,0.707107
52,33,0.707107
52,37,0.707107
52,39,0.707107
52,49,0.707107
52,50,0.707107
52,52,0
52,53,0.707107
52,54,0.707107
52,55,0.707107
52,231,0.707107
52,242,0.707107
52,246,0.707107
52,247,0.707107
53,4,0.707107
53,6,0.707107
53,8,0.707107
53,52,0.707107
53,53,0
53,54,0.707107
53,55,0.707107
53,56,0.707107
53,59,0.707107
53,198,0.707107
53,246,0.707107
53,247,0.707107
53,251,0.707107
54,37,0.707107
54,39,0.707107
54,43,0.707107
54,52,0.707107
54,53,0.707107
54,54,0
54,55,0.707107
54,56,0.707107
54,59,0.707107
54,101,0.707107
54,116,0.707107
54,117,0.707107
54,120,0.707107
55,2,0.707107
55,4,0.707107
55,6,0.707107
55,49,0.707107
55,50,0.707107
55,52,0.707107
55,53,0.707107
55,54,0.707107
55,55,0
55,68,0.707107
55,113,0.707107
55,116,0.707107
55,117,0.707107
56,37,0.707107
56,41,0.707107
56,43,0.707107
56,53,0.707107
56,54,0.707107
56,56,0
56,57,0.707107
56,58,0.707107
56,59,0.707107
56,235,0.707107
56,246,0.707107
56,250,0.707107
56,251,0.707107
57,8,0.707107
57,10,0.707107
57,12,0.707107
57,56,0.707107
57,57,0
57,58,0.707107
57,59,0.707107
57,60,0.707107
57,63,0.707107
57,202,0.707107
57,250,0.707107
57,251,0.707107
57,255,0.707107
58,41,0.707107
58,43,0.707107
58,47,0.707107
58,56,0.707107
58,57,0.707107
58,58,0
58,59,0.707107
58,60,0.707107
58,63,0.707107
58,105,0.707107
58,120,0.707107
58,121,0.707107
58,124,0.707107
59,6,0.707107
59,8,0.707107
59,10,0.707107
59,53,0.707107
59,54,0.707107
59,56,0.707107
59,57,0.707107
59,58,0.707107
59,59,0
59,72,0.707107
59,117,0.707107
59,120,0.707107
59,121,0.707107
60,41,0.707107
60,45,0.707107
60,47,0.707107
60,57,0.707107
60,58,0.707107
60,60,0
60,61,0.707107
60,62,0.707107
60,63,0.707107
60,239,0.707107
60,250,0.707107
60,254,0.707107
60,255,0.707107
61,0,0.707107
61,12,0.707107
61,14,0.707107
61,48,0.707107
61,51,0.707107
61,60,0.707107
61,61,0
61,62,0.707107
61,63,0.707107
61,206,0.707107
61,243,0.707107
61,254,0.707107
61,255,0.707107
62,35,0.707107
62,45,0.707107
62,47,0.707107
62,48,0.707107
62,51,0.707107
62,60,0.707107
62,61,0.707107
62,62,0
62,63,0.707107
62,109,0.707107
62,112,0.707107
62,124,0.707107
62,125,0.707107
63,10,0.707107
63,12,0.707107
63,14,0.707107
63,57,0.707107
63,58,0.707107
63,60,0.707107
63,61,0.707107
63,62,0.707107
63,63,0
63,76,0.707107
63,121,0.707107
63,124,0.707107
63,125,0.707107
64,2,0.707107
64,3,0.707107
64,14,0.707107
64,51,0.707107
64,64,0
64,65,0.707107
64,66,0.707107
64,67,0.707107
64,77,0.707107
64,78,0.707107
64,113,0.707107
64,115,0.707107
64,125,0.707107
65,2,0.707107
65,3,0.707107
65,7,0.707107
65,18,0.707107
65,64,0.707107
65,65,0
65,66,0.707107
65,67,0.707107
65,68,0.707107
65,71,0.707107
65,80,0.707107
65,82,0.707107
65,84,0.707107
66,64,0.707107
66,65,0.707107
66,66,0
66,67,0.707107
66,68,0.707107
66,71,0.707107
66,113,0.707107
66,115,0.707107
66,119,0.707107
66,128,0.707107
66,129,0.707107
66,132,0.707107
66,177,0.707107
67,64,0.707107
67,65,0.707107
67,66,0.707107
67,67,0
67,77,0.707107
67,78,0.707107
67,80,0.707107
67,82,0.707107
67,94,0.707107
67,128,0.707107
67,129,0.707107
67,141,0.707107
67,144,0.707107
68,2,0.707107
68,6,0.707107
68,7,0.707107
68,55,0.707107
68,65,0.707107
68,66,0.707107
68,68,0
68,69,0.707107
68,70,0.707107
68,71,0.707107
68,113,0.707107
68,117,0.707107
68,119,0.707107
69,6,0.707107
69,7,0.707107
69,11,0.707107
69,22,0.707107
69,68,0.707107
69,69,0
69,70,0.707107
69,71,0.707107
69,72,0.707107
69,75,0.707107
69,84,0.707107
69,86,0.707107
69,88,0.707107
70,68,0.707107
70,69,0.707107
70,70,0
70,71,0.707107
70,72,0.707107
70,75,0.707107
70,117,0.707107
70,119,0.707107
70,123,0.707107
70,132,0.707107
70,133,0.707107
70,136,0.707107
70,181,0.707107
71,65,0.707107
71,66,0.707107
71,68,0.707107
71,69,0.707107
71,70,0.707107
71,71,0
71,82,0.707107
71,84,0.707107
71,86,0.707107
71,129,0.707107
71,132,0.707107
71,133,0.707107
71,148,0.707107
72,6,0.707107
72,10,0.707107
72,11,0.707107
72,59,0.707107
72,69,0.707107
72,70,0.707107
72,72,0
72,73,0.707107
72,74,0.707107
72,75,0.707107
72,117,0.707107
72,121,0.707107
72,123,0.707107
73,10,0.707107
73,11,0.707107
73,15,0.707107
73,26,0.707107
73,72,0.707107
73,73,0
73,74,0.707107
73,75,0.707107
73,76,0.707107
73,79,0.707107
73,88,0.707107
73,90,0.707107
73,92,0.707107
74,72,0.707107
74,73,0.707107
74,74,0
74,75,0.707107
74,76,0.707107
74,79,0.707107
74,121,0.707107
74,123,0.707107
74,127,0.707107
74,136,0.707107
74,137,0.707107
74,140,0.707107
74,185,0.707107
75,69,0.707107
75,70,0.707107
75,72,0.707107
75,73,0.707107
75,74,0.707107
75,75,0
75,86,0.707107
75,88,0.707107
75,90,0.707107
75,133,0.707107
75,136,0.707107
75,137,0.707107
75,152,0.707107
76,10,0.707107
76,14,0.707107
76,15,0.707107
76,63,0.707107
76,73,0.707107
76,74,0.707107
76,76,0
76,77,0.707107
76,78,0.707107
76,79,0.707107
76,121,0.707107
76,125,0.707107
76,127,0.707107
77,3,0.707107
77,14,0.707107
77,15,0.707107
77,30,0.707107
77,64,0.707107
77,67,0.707107
77,76,0.707107
77,77,0
77,78,0.707107
77,79,0.707107
77,80,0.707107
77,92,0.707107
77,94,0.707107
78,64,0.707107
78,67,0.707107
78,76,0.707107
78,77,0.707107
78,78,0
78,79,0.707107
78,115,0.707107
78,125,0.707107
78,127,0.707107
78,128,0.707107
78,140,0.707107
78,141,0.707107
78,189,0.707107
79,73,0.707107
79,74,0.707107
79,76,0.707107
79,77,0.707107
79,78,0.707107
79,79,0
79,90,0.707107
79,92,0.707107
79,94,0.707107
79,137,0.707107
79,140,0.707107
79,141,0.707107
79,156,0.707107
80,3,0.707107
80,18,0.707107
80,19,0.707107
80,30,0.707107
80,65,0.707107
80,67,0.707107
80,77,0.707107
80,80,0
80,81,0.707107
80,82,0.707107
80,83,0.707107
80,93,0.707107
80,94,0.707107
81,18,0.707107
81,19,0.707107
81,23,0.707107
81,34,0.707107
81,80,0.707107
81,81,0
81,82,0.707107
81,83,0.707107
81,84,0.707107
81,87,0.707107
81,96,0.707107
81,98,0.707107
81,100,0.707107
82,65,0.707107
82,67,0.707107
82,71,0.707107
82,80,0.707107
82,81,0.707107
82,82,0
82,83,0.707107
82,84,0.707107
82,87,0.707107
82,129,0.707107
82,144,0.707107
82,145,0.707107
82,148,0.707107
83,80,0.707107
83,81,0.707107
83,82,0.707107
83,83,0
83,93,0.707107
83,94,0.707107
83,96,0.707107
83,98,0.707107
83,110,0.707107
83,144,0.707107
83,145,0.707107
83,157,0.707107
83,160,0.707107
84,7,0.707107
84,18,0.707107
84,22,0.707107
84,23,0.707107
84,65,0.707107
84,69,0.707107
84,71,0.707107
84,81,0.707107
84,82,0.707107
84,84,0
84,85,0.707107
84,86,0.707107
84,87,0.707107
85,22,0.707107
85,23,0.707107
85,27,0.707107
85,38,0.707107
85,84,0.707107
85,85,0
85,86,0.707107
85,87,0.707107
85,88,0.707107
85,91,0.707107
85,100,0.707107
85,102,0.707107
85,104,0.707107
86,69,0.707107
86,71,0.707107
86,75,0.707107
86,84,0.707107
86,85,0.707107
86,86,0
86,87,0.707107
86,88,0.707107
86,91,0.707107
86,133,0.707107
86,148,0.707107
86,149,0.707107
86,152,0.707107
87,81,0.707107
87,82,0.707107
87,84,0.707107
87,85,0.707107
87,86,0.707107
87,87,0
87,98,0.707107
87,100,0.707107
87,102,0.707107
87,145,0.707107
87,148,0.707107
87,149,0.707107
87,164,0.707107
88,11,0.707107
88,22,0.707107
88,26,0.707107
88,27,0.707107
88,69,0.707107
88,73,0.707107
88,75,0.707107
88,85,0.707107
88,86,0.707107
88,88,0
88,89,0.707107
88,90,0.707107
88,91,0.707107
89,26,0.707107
89,27,0.707107
89,31,0.707107
89,42,0.707107
89,88,0.707107
89,89,0
89,90,0.707107
89,91,0.707107
89,92,0.707107
89,95,0.707107
89,104,0.707107
89,106,0.707107
89,108,0.707107
90,73,0.707107
90,75,0.707107
90,79,0.707107
90,88,0.707107
90,89,0.707107
90,90,0
90,91,0.707107
90,92,0.707107
90,95,0.707107
90,137,0.707107
90,152,0.707107
90,153,0.707107
90,156,0.707107
91,85,0.707107
91,86,0.707107
91,88,0.707107
91,89,0.707107
91,90,0.707107
91,91,0
91,102,0.707107
91,104,0.707107
91,106,0.707107
91,149,0.707107
91,152,0.707107
91,153,0.707107
91,168,0.707107
92,15,0.707107
92,26,0.707107
92,30,0.707107
92,31,0.707107
92,73,0.707107
92,77,0.707107
92,79,0.707107
92,89,0.707107
92,90,0.707107
92,92,0
92,93,0.707107
92,94,0.707107
92,95,0.707107
93,19,0.707107
93,30,0.707107
93,31,0.707107
93,46,0.707107
93,80,0.707107
93,83,0.707107
93,92,0.707107
93,93,0
93,94,0.707107
93,95,0.707107
93,96,0.707107
93,108,0.707107
93,110,0.707107
94,67,0.707107
94,77,0.707107
94,79,0.707107
94,80,0.707107
94,83,0.707107
94,92,0.707107
94,93,0.707107
94,94,0
94,95,0.707107
94,141,0.707107
94,144,0.707107
94,156,0.707107
94,157,0.707107
95,89,0.707107
95,90,0.707107
95,92,0.707107
95,93,0.707107
95,94,0.707107
95,95,0
95,106,0.707107
95,108,0.707107
95,110,0.707107
95,153,0.707107
95,156,0.707107
95,157,0.707107
95,172,0.707107
96,19,0.707107
96,34,0.707107
96,35,0.707107
96,46,0.707107
96,81,0.707107
96,83,0.707107
96,93,0.707107
96,96,0
96,97,0.707107
96,98,0.707107
96,99,0.707107
96,109,0.707107
96,110,0.707107
97,34,0.707107
97,35,0.707107
97,39,0.707107
97,50,0.707107
97,96,0.707107
97,97,0
97,98,0.707107
97,99,0.707107
97,100,0.707107
97,103,0.707107
97,112,0.707107
97,114,0.707107
97,116,0.707107
98,81,0.707107
98,83,0.707107
98,87,0.707107
98,96,0.707107
98,97,0.707107
98,98,0
98,99,0.707107
98,100,0.707107
98,103,0.707107
98,145,0.707107
98,160,0.707107
98,161,0.707107
98,164,0.707107
99,96,0.707107
99,97,0.707107
99,98,0.707107
99,99,0
99,109,0.707107
99,110,0.707107
99,112,0.707107
99,114,0.707107
99,126,0.707107
99,160,0.707107
99,161,0.707107
99,173,0.707107
99,176,0.707107
100,23,0.707107
100,34,0.707107
100,38,0.707107
100,39,0.707107
100,81,0.707107
100,85,0.707107
100,87,0.707107
100,97,0.707107
100,98,0.707107
100,100,0
100,101,0.707107
100,102,0.707107
100,103,0.707107
101,38,0.707107
101,39,0.707107
101,43,0.707107
101,54,0.707107
101,100,0.707107
101,101,0
101,102,0.707107
101,103,0.707107
101,104,0.707107
101,107,0.707107
101,116,0.707107
101,118,0.707107
101,120,0.707107
102,85,0.707107
102,87,0.707107
102,91,0.707107
102,100,0.707107
102,101,0.707107
102,102,0
102,103,0.707107
102,104,0.707107
102,107,0.707107
102,149,0.707107
102,164,0.707107
102,165,0.707107
102,168,0.707107
103,97,0.707107
103,98,0.707107
103,100,0.707107
103,101,0.707107
103,102,0.707107
103,103,0
103,114,0.707107
103,116,0.707107
103,118,0.707107
103,161,0.707107
103,164,0.707107
103,165,0.707107
103,180,0.707107
104,27,0.707107
104,38,0.707107
104,42,0.707107
104,43,0.707107
104,85,0.707107
104,89,0.707107
104,91,0.707107
104,101,0.707107
104,102,0.707107
104,104,0
104,105,0.707107
104,106,0.707107
104,107,0.707107
105,42,0.707107
105,43,0.707107
105,47,0.707107
105,58,0.707107
105,104,0.707107
105,105,0
105,106,0.707107
105,107,0.707107
105,108,0.707107
105,111,0.707107
105,120,0.707107
105,122,0.707107
105,124,0.707107
106,89,0.707107
106,91,0.707107
106,95,0.707107
106,104,0.707107
106,105,0.707107
106,106,0
106,107,0.707107
106,108,0.707107
106,111,0.707107
106,153,0.707107
106,168,0.707107
106,169,0.707107
106,172,0.707107
107,101,0.707107
107,102,0.707107
107,104,0.707107
107,105,0.707107
107,106,0.707107
107,107,0
107,118,0.707107
107,120,0.707107
107,122,0.707107
107,165,0.707107
107,168,0.707107
107,169,0.707107
107,184,0.707107
108,31,0.707107
108,42,0.707107
108,46,0.707107
108,47,0.707107
108,89,0.707107
108,93,0.707107
108,95,0.707107
108,105,0.707107
108,106,0.707107
108,108,0
108,109,0.707107
108,110,0.707107
108,111,0.707107
109,35,0.707107
109,46,0.707107
109,47,0.707107
109,62,0.707107
109,96,0.707107
109,99,0.707107
109,108,0.707107
109,109,0
109,110,0.707107
109,111,0.707107
109,112,0.707107
109,124,0.707107
109,126,0.707107
110,83,0.707107
110,93,0.707107
110,95,0.707107
110,96,0.707107
110,99,0.707107
110,108,0.707107
110,109,0.707107
110,110,0
110,111,0.707107
110,157,0.707107
110,160,0.707107
110,172,0.707107
110,173,0.707107
111,105,0.707107
111,106,0.707107
111,108,0.707107
111,109,0.707107
111,110,0.707107
111,111,0
111,122,0.707107
111,124,0.707107
111,126,0.707107
111,169,0.707107
111,172,0.707107
111,173,0.707107
111,188,0.707107
112,35,0.707107
112,50,0.707107
112,51,0.707107
112,62,0.707107
112,97,0.707107
112,99,0.707107
112,109,0.707107
112,112,0
112,113,0.707107
112,114,0.707107
112,115,0.707107
112,125,0.707107
112,126,0.707107
113,2,0.707107
113,50,0.707107
113,51,0.707107
113,55,0.707107
113,64,0.707107
113,66,0.707107
113,68,0.707107
113,112,0.707107
113,113,0
113,114,0.707107
113,115,0.707107
113,116,0.707107
113,119,0.707107
114,97,0.707107
114,99,0.707107
114,103,0.707107
114,112,0.707107
114,113,0.707107
114,114,0
114,115,0.707107
114,116,0.707107
114,119,0.707107
114,161,0.707107
114,176,0.707107
114,177,0.707107
114,180,0.707107
115,64,0.707107
115,66,0.707107
115,78,0.707107
115,112,0.707107
115,113,0.707107
115,114,0.707107
115,115,0
115,125,0.707107
115,126,0.707107
115,128,0.707107
115,176,0.707107
115,177,0.707107
115,189,0.707107
116,39,0.707107
116,50,0.707107
116,54,0.707107
116,55,0.707107
116,97,0.707107
116,101,0.707107
116,103,0.707107
116,113,0.707107
116,114,0.707107
116,116,0
116,117,0.707107
116,118,0.707107
116,119,0.707107
117,6,0.707107
117,54,0.707107
117,55,0.707107
117,59,0.707107
117,68,0.707107
117,70,0.707107
117,72,0.707107
117,116,0.707107
117,117,0
117,118,0.707107
117,119,0.707107
117,120,0.707107
117,123,0.707107
118,101,0.707107
118,103,0.707107
118,107,0.707107
118,116,0.707107
118,117,0.707107
118,118,0
118,119,0.707107
118,120,0.707107
118,123,0.707107
118,165,0.707107
118,180,0.707107
118,181,0.707107
118,184,0.707107
119,66,0.707107
119,68,0.707107
119,70,0.707107
119,113,0.707107
119,114,0.707107
119,116,0.707107
119,117,0.707107
119,118,0.707107
119,119,0
119,132,0.707107
119,177,0.707107
119,180,0.707107
119,181,0.707107
120,43,0.707107
120,54,0.707107
120,58,0.707107
120,59,0.707107
120,101,0.707107
120,105,0.707107
120,107,0.707107
120,117,0.707107
120,118,0.707107
120,120,0
120,121,0.707107
120,122,0.707107
120,123,0.707107
121,10,0.707107
121,58,0.707107
121,59,0.707107
121,63,0.707107
121,72,0.707107
121,74,0.707107
121,76,0.707107
121,120,0.707107
121,121,0
121,122,0.707107
121,123,0.707107
121,124,0.707107
121,127,0.707107
122,105,0.707107
122,107,0.707107
122,111,0.707107
122,120,0.707107
122,121,0.707107
122,122,0
122,123,0.707107
122,124,0.707107
122,127,0.707107
122,169,0.707107
122,184,0.707107
122,185,0.707107
122,188,0.707107
123,70,0.707107
123,72,0.707107
123,74,0.707107
123,117,0.707107
123,118,0.707107
123,120,0.707107
123,121,0.707107
123,122,0.707107
123,123,0
123,136,0.707107
123,181,0.707107
123,184,0.707107
123,185,0.707107
124,47,0.707107
124,58,0.707107
124,62,0.707107
124,63,0.707107
124,105,0.707107
124,109,0.707107
124,111,0.707107
124,121,0.707107
124,122,0.707107
124,124,0
124,125,0.707107
124,126,0.707107
124,127,0.707107
125,14,0.707107
125,51,0.707107
125,62,0.707107
125,63,0.707107
125,64,0.707107
125,76,0.707107
125,78,0.707107
125,112,0.707107
125,115,0.707107
125,124,0.707107
125,125,0
125,126,0.707107
125,127,0.707107
126,99,0.707107
126,109,0.707107
126,111,0.707107
126,112,0.707107
126,115,0.707107
126,124,0.707107
126,125,0.707107
126,126,0
126,127,0.707107
126,173,0.707107
126,176,0.707107
126,188,0.707107
126,189,0.707107
127,74,0.707107
127,76,0.707107
127,78,0.707107
127,121,0.707107
127,122,0.707107
127,124,0.707107
127,125,0.707107
127,126,0.707107
127,127,0
127,140,0.707107
127,185,0.707107
127,188,0.707107
127,189,0.707107
128,66,0.707107
128,67,0.707107
128,78,0.707107
128,115,0.707107
128,128,0
128,129,0.707107
128,130,0.707107
128,131,0.707107
128,141,0.707107
128,142,0.707107
128,177,0.707107
128,179,0.707107
128,189,0.707107
129,66,0.707107
129,67,0.707107
129,71,0.707107
129,82,0.707107
129,128,0.707107
129,129,0
129,130,0.707107
129,131,0.707107
129,132,0.707107
129,135,0.707107
129,144,0.707107
129,146,0.707107
129,148,0.707107
130,128,0.707107
130,129,0.707107
130,130,0
130,131,0.707107
130,132,0.707107
130,135,0.707107
130,177,0.707107
130,179,0.707107
130,183,0.707107
130,192,0.707107
130,193,0.707107
130,196,0.707107
130,241,0.707107
131,128,0.707107
131,129,0.707107
131,130,0.707107
131,131,0
131,141,0.707107
131,142,0.707107
131,144,0.707107
131,146,0.707107
131,158,0.707107
131,192,0.707107
131,193,0.707107
131,205,0.707107
131,208,0.707107
132,66,0.707107
132,70,0.707107
132,71,0.707107
132,119,0.707107
132,129,0.707107
132,130,0.707107
132,132,0
132,133,0.707107
132,134,0.707107
132,135,0.707107
132,177,0.707107
132,181,0.707107
132,183,0.707107
133,70,0.707107
133,71,0.707107
133,75,0.707107
133,86,0.707107
133,132,0.707107
133,133,0
133,134,0.707107
133,135,0.707107
133,136,0.707107
133,139,0.707107
133,148,0.707107
133,150,0.707107
133,152,0.707107
134,132,0.707107
134,133,0.707107
134,134,0
134,135,0.707107
134,136,0.707107
134,139,0.707107
134,181,0.707107
134,183,0.707107
134,187,0.707107
134,196,0.707107
134,197,0.707107
134,200,0.707107
134,245,0.707107
135,129,0.707107
135,130,0.707107
135,132,0.707107
135,133,0.707107
135,134,0.707107
135,135,0
135,146,0.707107
135,148,0.707107
135,150,0.707107
135,193,0.707107
135,196,0.707107
135,197,0.707107
135,212,0.707107
136,70,0.707107
136,74,0.707107
136,75,0.707107
136,123,0.707107
136,133,0.707107
136,134,0.707107
136,136,0
136,137,0.707107
136,138,0.707107
136,139,0.707107
136,181,0.707107
136,185,0.707107
136,187,0.707107
137,74,0.707107
137,75,0.707107
137,79,0.707107
137,90,0.707107
137,136,0.707107
137,137,0
137,138,0.707107
137,139,0.707107
137,140,0.707107
137,143,0.707107
137,152,0.707107
137,154,0.707107
137,156,0.707107
138,136,0.707107
138,137,0.707107
138,138,0
138,139,0.707107
138,140,0.707107
138,143,0.707107
138,185,0.707107
138,187,0.707107
138,191,0.707107
138,200,0.707107
138,201,0.707107
138,204,0.707107
138,249,0.707107
139,133,0.707107
139,134,0.707107
139,136,0.707107
139,137,0.707107
139,138,0.707107
139,139,0
139,150,0.707107
139,152,0.707107
139,154,0.707107
139,197,0.707107
139,200,0.707107
139,201,0.707107
139,216,0.707107
140,74,0.707107
140,78,0.707107
140,79,0.707107
140,127,0.707107
140,137,0.707107
140,138,0.707107
140,140,0
140,141,0.707107
140,142,0.707107
140,143,0.707107
140,185,0.707107
140,189,0.707107
140,191,0.707107
141,67,0.707107
141,78,0.707107
141,79,0.707107
141,94,0.707107
141,128,0.707107
141,131,0.707107
141,140,0.707107
141,141,0
141,142,0.707107
141,143,0.707107
141,144,0.707107
141,156,0.707107
141,158,0.707107
142,128,0.707107
142,131,0.707107
142,140,0.707107
142,141,0.707107
142,142,0
142,143,0.707107
142,179,0.707107
142,189,0.707107
142,191,0.707107
142,192,0.707107
142,204,0.707107
142,205,0.707107
142,253,0.707107
143,137,0.707107
143,138,0.707107
143,140,0.707107
143,141,0.707107
143,142,0.707107
143,143,0
143,154,0.707107
143,156,0.707107
143,158,0.707107
143,201,0.707107
143,204,0.707107
143,205,0.707107
143,220,0.707107
144,67,0.707107
144,82,0.707107
144,83,0.707107
144,94,0.707107
144,129,0.707107
144,131,0.707107
144,141,0.707107
144,144,0
144,145,0.707107
144,146,0.707107
144,147,0.707107
144,157,0.707107
144,158,0.707107
145,82,0.707107
145,83,0.707107
145,87,0.707107
145,98,0.707107
145,144,0.707107
145,145,0
145,146,0.707107
145,147,0.707107
145,148,0.707107
145,151,0.707107
145,160,0.707107
145,162,0.707107
145,164,0.707107
146,129,0.707107
146,131,0.707107
146,135,0.707107
146,144,0.707107
146,145,0.707107
146,146,0
146,147,0.707107
146,148,0.707107
146,151,0.707107
146,193,0.707107
146,208,0.707107
146,209,0.707107
146,212,0.707107
147,144,0.707107
147,145,0.707107
147,146,0.707107
147,147,0
147,157,0.707107
147,158,0.707107
147,160,0.707107
147,162,0.707107
147,174,0.707107
147,208,0.707107
147,209,0.707107
147,221,0.707107
147,224,0.707107
148,71,0.707107
148,82,0.707107
148,86,0.707107
148,87,0.707107
148,129,0.707107
148,133,0.707107
148,135,0.707107
148,145,0.707107
148,146,0.707107
148,148,0
148,149,0.707107
148,150,0.707107
148,151,0.707107
149,86,0.707107
149,87,0.707107
149,91,0.707107
149,102,0.707107
149,148,0.707107
149,149,0
149,150,0.707107
149,151,0.707107
149,152,0.707107
149,155,0.707107
149,164,0.707107
149,166,0.707107
149,168,0.707107
150,133,0.707107
150,135,0.707107
150,139,0.707107
150,148,0.707107
150,149,0.707107
150,150,0
150,151,0.707107
150,152,0.707107
150,155,0.707107
150,197,0.707107
150,212,0.707107
150,213,0.707107
150,216,0.707107
151,145,0.707107
151,146,0.707107
151,148,0.707107
151,149,0.707107
151,150,0.707107
151,151,0
151,162,0.707107
151,164,0.707107
151,166,0.707107
151,209,0.707107
151,212,0.707107
151,213,0.707107
151,228,0.707107
152,75,0.707107
152,86,0.707107
152,90,0.707107
152,91,0.707107
152,133,0.707107
152,137,0.707107
152,139,0.707107
152,149,0.707107
152,150,0.707107
152,152,0
152,153,0.707107
152,154,0.707107
152,155,0.707107
153,90,0.707107
153,91,0.707107
153,95,0.707107
153,106,0.707107
153,152,0.707107
153,153,0
153,154,0.707107
153,155,0.707107
153,156,0.707107
153,159,0.707107
153,168,0.707107
153,170,0.707107
153,172,0.707107
154,137,0.707107
154,139,0.707107
154,143,0.707107
154,152,0.707107
154,153,0.707107
154,154,0
154,155,0.707107
154,156,0.707107
154,159,0.707107
154,201,0.707107
154,216,0.707107
154,217,0.707107
154,220,0.707107
155,149,0.707107
155,150,0.707107
155,152,0.707107
155,153,0.707107
155,154,0.707107
155,155,0
155,166,0.707107
155,168,0.707107
155,170,0.707107
155,213,0.707107
155,216,0.707107
155,217,0.707107
155,232,0.707107
156,79,0.707107
156,90,0.707107
156,94,0.707107
156,95,0.707107
156,137,0.707107
156,141,0.707107
156,143,0.707107
156,153,0.707107
156,154,0.707107
156,156,0
156,157,0.707107
156,158,0.707107
156,159,0.707107
157,83,0.707107
157,94,0.707107
157,95,0.707107
157,110,0.707107
157,144,0.707107
157,147,0.707107
157,156,0.707107
157,157,0
157,158,0.707107
157,159,0.707107
157,160,0.707107
157,172,0.707107
157,174,0.707107
158,131,0.707107
158,141,0.707107
158,143,0.707107
158,144,0.707107
158,147,0.707107
158,156,0.707107
158,157,0.707107
158,158,0
158,159,0.707107
158,205,0.707107
158,208,0.707107
158,220,0.707107
158,221,0.707107
159,153,0.707107
159,154,0.707107
159,156,0.707107
159,157,0.707107
159,158,0.707107
159,159,0
159,170,0.707107
159,172,0.707107
159,174,0.707107
159,217,0.707107
159,220,0.707107
159,221,0.707107
159,236,0.707107
160,83,0.707107
160,98,0.707107
160,99,0.707107
160,110,0.707107
160,145,0.707107
160,147,0.707107
160,157,0.707107
160,160,0
160,161,0.707107
160,162,0.707107
160,163,0.707107
160,173,0.707107
160,174,0.707107
161,98,0.707107
161,99,0.707107
161,103,0.707107
161,114,0.707107
161,160,0.707107
161,161,0
161,162,0.707107
161,163,0.707107
161,164,0.707107
161,167,0.707107
161,176,0.707107
161,178,0.707107
161,180,0.707107
162,145,0.707107
162,147,0.707107
162,151,0.707107
162,160,0.707107
162,161,0.707107
162,162,0
162,163,0.707107
162,164,0.707107
162,167,0.707107
162,209,0.707107
162,224,0.707107
162,225,0.707107
162,228,0.707107
163,160,0.707107
163,161,0.707107
163,162,0.707107
163,163,0
163,173,0.707107
163,174,0.707107
163,176,0.707107
163,178,0.707107
163,190,0.707107
163,224,0.707107
163,225,0.707107
163,237,0.707107
163,240,0.707107
164,87,0.707107
164,98,0.707107
164,102,0.707107
164,103,0.707107
164,145,0.707107
164,149,0.707107
164,151,0.707107
164,161,0.707107
164,162,0.707107
164,164,0
164,165,0.707107
164,166,0.707107
164,167,0.707107
165,102,0.707107
165,103,0.707107
165,107,0.707107
165,118,0.707107
165,164,0.707107
165,165,0
165,166,0.707107
165,167,0.707107
165,168,0.707107
165,171,0.707107
165,180,0.707107
165,182,0.707107
165,184,0.707107
166,149,0.707107
166,151,0.707107
166,155,0.707107
166,164,0.707107
166,165,0.707107
166,166,0
166,167,0.707107
166,168,0.707107
166,171,0.707107
166,213,0.707107
166,228,0.707107
166,229,0.707107
166,232,0.707107
167,161,0.707107
167,162,0.707107
167,164,0.707107
167,165,0.707107
167,166,0.707107
167,167,0
167,178,0.707107
167,180,0.707107
167,182,0.707107
167,225,0.707107
167,228,0.707107
167,229,0.707107
167,244,0.707107
168,91,0.707107
168,102,0.707107
168,106,0.707107
168,107,0.707107
168,149,0.707107
168,153,0.707107
168,155,0.707107
168,165,0.707107
168,166,0.707107
168,168,0
168,169,0.707107
168,170,0.707107
168,171,0.707107
169,106,0.707107
169,107,0.707107
169,111,0.707107
169,122,0.707107
169,168,0.707107
169,169,0
169,170,0.707107
169,171,0.707107
169,172,0.707107
169,175,0.707107
169,184,0.707107
169,186,0.707107
169,188,0.707107
170,153,0.707107
170,155,0.707107
170,159,0.707107
170,168,0.707107
170,169,0.707107
170,170,0
170,171,0.707107
170,172,0.707107
170,175,0.707107
170,217,0.707107
170,232,0.707107
170,233,0.707107
170,236,0.707107
171,165,0.707107
171,166,0.707107
171,168,0.707107
171,169,0.707107
171,170,0.707107
171,171,0
171,182,0.707107
171,184,0.707107
171,186,0.707107
171,229,0.707107
171,232,0.707107
171,233,0.707107
171,248,0.707107
172,95,0.707107
172,106,0.707107
172,110,0.707107
172,111,0.707107
172,153,0.707107
172,157,0.707107
172,159,0.707107
172,169,0.707107
172,170,0.707107
172,172,0
172,173,0.707107
172,174,0.707107
172,175,0.707107
173,99,0.707107
173,110,0.707107
173,111,0.707107
173,126,0.707107
173,160,0.707107
173,163,0.707107
173,172,0.707107
173,173,0
173,174,0.707107
173,175,0.707107
173,176,0.707107
173,188,0.707107
173,190,0.707107
174,147,0.707107
174,157,0.707107
174,159,0.707107
174,160,0.707107
174,163,0.707107
174,172,0.707107
174,173,0.707107
174,174,0
174,175,0.707107
174,221,0.707107
174,224,0.707107
174,236,0.707107
174,237,0.707107
175,169,0.707107
175,170,0.707107
175,172,0.707107
175,173,0.707107
175,174,0.707107
175,175,0
175,186,0.707107
175,188,0.707107
175,190,0.707107
175,233,0.707107
175,236,0.707107
175,237,0.707107
175,252,0.707107
176,99,0.707107
176,114,0.707107
176,115,0.707107
176,126,0.707107
176,161,0.707107
176,163,0.707107
176,173,0.707107
176,176,0
176,177,0.707107
176,178,0.707107
176,179,0.707107
176,189,0.707107
176,190,0.707107
177,66,0.707107
177,114,0.707107
177,115,0.707107
177,119,0.707107
177,128,0.707107
177,130,0.707107
177,132,0.707107
177,176,0.707107
177,177,0
177,178,0.707107
177,179,0.707107
177,180,0.707107
177,183,0.707107
178,161,0.707107
178,163,0.707107
178,167,0.707107
178,176,0.707107
178,177,0.707107
178,178,0
178,179,0.707107
178,180,0.707107
178,183,0.707107
178,225,0.707107
178,240,0.707107
178,241,0.707107
178,244,0.707107
179,128,0.707107
179,130,0.707107
179,142,0.707107
179,176,0.707107
179,177,0.707107
179,178,0.707107
179,179,0
179,189,0.707107
179,190,0.707107
179,192,0.707107
179,240,0.707107
179,241,0.707107
179,253,0.707107
180,103,0.707107
180,114,0.707107
180,118,0.707107
180,119,0.707107
180,161,0.707107
180,165,0.707107
180,167,0.707107
180,177,0.707107
180,178,0.707107
180,180,0
180,181,0.707107
180,182,0.707107
180,183,0.707107
181,70,0.707107
181,118,0.707107
181,119,0.707107
181,123,0.707107
181,132,0.707107
181,134,0.707107
181,136,0.707107
181,180,0.707107
181,181,0
181,182,0.707107
181,183,0.707107
181,184,0.707107
181,187,0.707107
182,165,0.707107
182,167,0.707107
182,171,0.707107
182,180,0.707107
182,181,0.707107
182,182,0
182,183,0.707107
182,184,0.707107
182,187,0.707107
182,229,0.707107
182,244,0.707107
182,245,0.707107
182,248,0.707107
183,130,0.707107
183,132,0.707107
183,134,0.707107
183,177,0.707107
183,178,0.707107
183,180,0.707107
183,181,0.707107
183,182,0.707107
183,183,0
183,196,0.707107
183,241,0.707107
183,244,0.707107
183,245,0.707107
184,107,0.707107
184,118,0.707107
184,122,0.707107
184,123,0.707107
184,165,0.707107
184,169,0.707107
184,171,0.707107
184,181,0.707107
184,182,0.707107
184,184,0
184,185,0.707107
184,186,0.707107
184,187,0.707107
185,74,0.707107
185,122,0.707107
185,123,0.707107
185,127,0.707107
185,136,0.707107
185,138,0.707107
185,140,0.707107
185,184,0.707107
185,185,0
185,186,0.707107
185,187,0.707107
185,188,0.707107
185,191,0.707107
186,169,0.707107
186,171,0.707107
186,175,0.707107
186,184,0.707107
186,185,0.707107
186,186,0
186,187,0.707107
186,188,0.707107
186,191,0.707107
186,233,0.707107
186,248,0.707107
186,249,0.707107
186,252,0.707107
187,134,0.707107
187,136,0.707107
187,138,0.707107
187,181,0.707107
187,182,0.707107
187,184,0.707107
187,185,0.707107
187,186,0.707107
187,187,0
187,200,0.707107
187,245,0.707107
187,248,0.707107
187,249,0.707107
188,111,0.707107
188,122,0.707107
188,126,0.707107
188,127,0.707107
188,169,0.707107
188,173,0.707107
188,175,0.707107
188,185,0.707107
188,186,0.707107
188,188,0
188,189,0.707107
188,190,0.707107
188,191,0.707107
189,78,0.707107
189,115,0.707107
189,126,0.707107
189,127,0.707107
189,128,0.707107
189,140,0.707107
189,142,0.707107
189,176,0.707107
189,179,0.707107
189,188,0.707107
189,189,0
189,190,0.707107
189,191,0.707107
190,163,0.707107
190,173,0.707107
190,175,0.707107
190,176,0.707107
190,179,0.707107
190,188,0.707107
190,189,0.707107
190,190,0
190,191,0.707107
190,237,0.707107
190,240,0.707107
190,252,0.707107
190,253,0.707107
191,138,0.707107
191,140,0.707107
191,142,0.707107
191,185,0.707107
191,186,0.707107
191,188,0.707107
191,189,0.707107
191,190,0.707107
191,191,0
191,204,0.707107
191,249,0.707107
191,252,0.707107
191,253,0.707107
192,130,0.707107
192,131,0.707107
192,142,0.707107
192,179,0.707107
192,192,0
192,193,0.707107
192,194,0.707107
192,195,0.707107
192,205,0.707107
192,206,0.707107
192,241,0.707107
192,243,0.707107
192,253,0.707107
193,130,0.707107
193,131,0.707107
193,135,0.707107
193,146,0.707107
193,192,0.707107
193,193,0
193,194,0.707107
193,195,0.707107
193,196,0.707107
193,199,0.707107
193,208,0.707107
193,210,0.707107
193,212,0.707107
194,0,0.707107
194,1,0.707107
194,4,0.707107
194,49,0.707107
194,192,0.707107
194,193,0.707107
194,194,0
194,195,0.707107
194,196,0.707107
194,199,0.707107
194,241,0.707107
194,243,0.707107
194,247,0.707107
195,0,0.707107
195,1,0.707107
195,13,0.707107
195,16,0.707107
195,192,0.707107
195,193,0.707107
195,194,0.707107
195,195,0
195,205,0.707107
195,206,0.707107
195,208,0.707107
195,210,0.707107
195,222,0.707107
196,130,0.707107
196,134,0.707107
196,135,0.707107
196,183,0.707107
196,193,0.707107
196,194,0.707107
196,196,0
196,197,0.707107
196,198,0.707107
196,199,0.707107
196,241,0.707107
196,245,0.707107
196,247,0.707107
197,134,0.707107
197,135,0.707107
197,139,0.707107
197,150,0.707107
197,196,0.707107
197,197,0
197,198,0.707107
197,199,0.707107
197,200,0.707107
197,203,0.707107
197,212,0.707107
197,214,0.707107
197,216,0.707107
198,4,0.707107
198,5,0.707107
198,8,0.707107
198,53,0.707107
198,196,0.707107
198,197,0.707107
198,198,0
198,199,0.707107
198,200,0.707107
198,203,0.707107
198,245,0.707107
198,247,0.707107
198,251,0.707107
199,1,0.707107
199,4,0.707107
199,5,0.707107
199,20,0.707107
199,193,0.707107
199,194,0.707107
199,196,0.707107
199,197,0.707107
199,198,0.707107
199,199,0
199,210,0.707107
199,212,0.707107
199,214,0.707107
200,134,0.707107
200,138,0.707107
200,139,0.707107
200,187,0.707107
200,197,0.707107
200,198,0.707107
200,200,0
200,201,0.707107
200,202,0.707107
200,203,0.707107
200,245,0.707107
200,249,0.707107
200,251,0.707107
201,138,0.707107
201,139,0.707107
201,143,0.707107
201,154,0.707107
201,200,0.707107
201,201,0
201,202,0.707107
201,203,0.707107
201,204,0.707107
201,207,0.707107
201,216,0.707107
201,218,0.707107
201,220,0.707107
202,8,0.707107
202,9,0.707107
202,12,0.707107
202,57,0.707107
202,200,0.707107
202,201,0.707107
202,202,0
202,203,0.707107
202,204,0.707107
202,207,0.707107
202,249,0.707107
202,251,0.707107
202,255,0.707107
203,5,0.707107
203,8,0.707107
203,9,0.707107
203,24,0.707107
203,197,0.707107
203,198,0.707107
203,200,0.707107
203,201,0.707107
203,202,0.707107
203,203,0
203,214,0.707107
203,216,0.707107
203,218,0.707107
204,138,0.707107
204,142,0.707107
204,143,0.707107
204,191,0.707107
204,201,0.707107
204,202,0.707107
204,204,0
204,205,0.707107
204,206,0.707107
204,207,0.707107
204,249,0.707107
204,253,0.707107
204,255,0.707107
205,131,0.707107
205,142,0.707107
205,143,0.707107
205,158,0.707107
205,192,0.707107
205,195,0.707107
205,204,0.707107
205,205,0
205,206,0.707107
205,207,0.707107
205,208,0.707107
205,220,0.707107
205,222,0.707107
206,0,0.707107
206,12,0.707107
206,13,0.707107
206,61,0.707107
206,192,0.707107
206,195,0.707107
206,204,0.707107
206,205,0.707107
206,206,0
206,207,0.707107
206,243,0.707107
206,253,0.707107
206,255,0.707107
207,9,0.707107
207,12,0.707107
207,13,0.707107
207,28,0.707107
207,201,0.707107
207,202,0.707107
207,204,0.707107
207,205,0.707107
207,206,0.707107
207,207,0
207,218,0.707107
207,220,0.707107
207,222,0.707107
208,131,0.707107
208,146,0.707107
208,147,0.707107
208,158,0.707107
208,193,0.707107
208,195,0.707107
208,205,0.707107
208,208,0
208,209,0.707107
208,210,0.707107
208,211,0.707107
208,221,0.707107
208,222,0.707107
209,146,0.707107
209,147,0.707107
209,151,0.707107
209,162,0.707107
209,208,0.707107
209,209,0
209,210,0.707107
209,211,0.707107
209,212,0.707107
209,215,0.707107
209,224,0.707107
209,226,0.707107
209,228,0.707107
210,1,0.707107
210,16,0.707107
210,17,0.707107
210,20,0.707107
210,193,0.707107
210,195,0.707107
210,199,0.707107
210,208,0.707107
210,209,0.707107
210,210,0
210,211,0.707107
210,212,0.707107
210,215,0.707107
211,16,0.707107
211,17,0.707107
211,29,0.707107
211,32,0.707107
211,208,0.707107
211,209,0.707107
211,210,0.707107
211,211,0
211,221,0.707107
211,222,0.707107
211,224,0.707107
211,226,0.707107
211,238,0.707107
212,135,0.707107
212,146,0.707107
212,150,0.707107
212,151,0.707107
212,193,0.707107
212,197,0.707107
212,199,0.707107
212,209,0.707107
212,210,0.707107
212,212,0
212,213,0.707107
212,214,0.707107
212,215,0.707107
213,150,0.707107
213,151,0.707107
213,155,0.707107
213,166,0.707107
213,212,0.707107
213,213,0
213,214,0.707107
213,215,0.707107
213,216,0.707107
213,219,0.707107
213,228,0.707107
213,230,0.707107
213,232,0.707107
214,5,0.707107
214,20,0.707107
214,21,0.707107
214,24,0.707107
214,197,0.707107
214,199,0.707107
214,203,0.707107
214,212,0.707107
214,213,0.707107
214,214,0
214,215,0.707107
214,216,0.707107
214,219,0.707107
215,17,0.707107
215,20,0.707107
215,21,0.707107
215,36,0.707107
215,209,0.707107
215,210,0.707107
215,212,0.707107
215,213,0.707107
215,214,0.707107
215,215,0
215,226,0.707107
215,228,0.707107
215,230,0.707107
216,139,0.707107
216,150,0.707107
216,154,0.707107
216,155,0.707107
216,197,0.707107
216,201,0.707107
216,203,0.707107
216,213,0.707107
216,214,0.707107
216,216,0
216,217,0.707107
216,218,0.707107
216,219,0.707107
217,154,0.707107
217,155,0.707107
217,159,0.707107
217,170,0.707107
217,216,0.707107
217,217,0
217,218,0.707107
217,219,0.707107
217,220,0.707107
217,223,0.707107
217,232,0.707107
217,234,0.707107
217,236,0.707107
218,9,0.707107
218,24,0.707107
218,25,0.707107
218,28,0.707107
218,201,0.707107
218,203,0.707107
218,207,0.707107
218,216,0.707107
218,217,0.707107
218,218,0
218,219,0.707107
218,220,0.707107
218,223,0.707107
219,21,0.707107
219,24,0.707107
219,25,0.707107
219,40,0.707107
219,213,0.707107
219,214,0.707107
219,216,0.707107
219,217,0.707107
219,218,0.707107
219,219,0
219,230,0.707107
219,232,0.707107
219,234,0.707107
220,143,0.707107
220,154,0.707107
220,158,0.707107
220,159,0.707107
220,201,0.707107
220,205,0.707107
220,207,0.707107
220,217,0.707107
220,218,0.707107
220,220,0
220,221,0.707107
220,222,0.707107
220,223,0.707107
221,147,0.707107
221,158,0.707107
221,159,0.707107
221,174,0.707107
221,208,0.707107
221,211,0.707107
221,220,0.707107
221,221,0
221,222,0.707107
221,223,0.707107
221,224,0.707107
221,236,0.707107
221,238,0.707107
222,13,0.707107
222,16,0.707107
222,28,0.707107
222,29,0.707107
222,195,0.707107
222,205,0.707107
222,207,0.707107
222,208,0.707107
222,211,0.707107
222,220,0.707107
222,221,0.707107
222,222,0
222,223,0.707107
223,25,0.707107
223,28,0.707107
223,29,0.707107
223,44,0.707107
223,217,0.707107
223,218,0.707107
223,220,0.707107
223,221,0.707107
223,222,0.707107
223,223,0
223,234,0.707107
223,236,0.707107
223,238,0.707107
224,147,0.707107
224,162,0.707107
224,163,0.707107
224,174,0.707107
224,209,0.707107
224,211,0.707107
224,221,0.707107
224,224,0
224,225,0.707107
224,226,0.707107
224,227,0.707107
224,237,0.707107
224,238,0.707107
225,162,0.707107
225,163,0.707107
225,167,0.707107
225,178,0.707107
225,224,0.707107
225,225,0
225,226,0.707107
225,227,0.707107
225,228,0.707107
225,231,0.707107
225,240,0.707107
225,242,0.707107
225,244,0.707107
226,17,0.707107
226,32,0.707107
226,33,0.707107
226,36,0.707107
226,209,0.707107
226,211,0.707107
226,215,0.707107
226,224,0.707107
226,225,0.707107
226,226,0
226,227,0.707107
226,228,0.707107
226,231,0.707107
227,32,0.707107
227,33,0.707107
227,45,0.707107
227,48,0.707107
227,224,0.707107
227,225,0.707107
227,226,0.707107
227,227,0
227,237,0.707107
227,238,0.707107
227,240,0.707107
227,242,0.707107
227,254,0.707107
228,151,0.707107
228,162,0.707107
228,166,0.707107
228,167,0.707107
228,209,0.707107
228,213,0.707107
228,215,0.707107
228,225,0.707107
228,226,0.707107
228,228,0
228,229,0.707107
228,230,0.707107
228,231,0.707107
229,166,0.707107
229,167,0.707107
229,171,0.707107
229,182,0.707107
229,228,0.707107
229,229,0
229,230,0.707107
229,231,0.707107
229,232,0.707107
229,235,0.707107
229,244,0.707107
229,246,0.707107
229,248,0.707107
230,21,0.707107
230,36,0.707107
230,37,0.707107
230,40,0.707107
230,213,0.707107
230,215,0.707107
230,219,0.707107
230,228,0.707107
230,229,0.707107
230,230,0
230,231,0.707107
230,232,0.707107
230,235,0.707107
231,33,0.707107
231,36,0.707107
231,37,0.707107
231,52,0.707107
231,225,0.707107
231,226,0.707107
231,228,0.707107
231,229,0.707107
231,230,0.707107
231,231,0
231,242,0.707107
231,244,0.707107
231,246,0.707107
232,155,0.707107
232,166,0.707107
232,170,0.707107
232,171,0.707107
232,213,0.707107
232,217,0.707107
232,219,0.707107
232,229,0.707107
232,230,0.707107
232,232,0
232,233,0.707107
232,234,0.707107
232,235,0.707107
233,170,0.707107
233,171,0.707107
233,175,0.707107
233,186,0.707107
233,232,0.707107
233,233,0
233,234,0.707107
233,235,0.707107
233,236,0.707107
233,239,0.707107
233,248,0.707107
233,250,0.707107
233,252,0.707107
234,25,0.707107
234,40,0.707107
234,41,0.707107
234,44,0.707107
234,217,0.707107
234,219,0.707107
234,223,0.707107
234,232,0.707107
234,233,0.707107
234,234,0
234,235,0.707107
234,236,0.707107
234,239,0.707107
235,37,0.707107
235,40,0.707107
235,41,0.707107
235,56,0.707107
235,229,0.707107
235,230,0.707107
235,232,0.707107
235,233,0.707107
235,234,0.707107
235,235,0
235,246,0.707107
235,248,0.707107
235,250,0.707107
236,159,0.707107
236,170,0.707107
236,174,0.707107
236,175,0.707107
236,217,0.707107
236,221,0.707107
236,223,0.707107
236,233,0.707107
236,234,0.707107
236,236,0
236,237,0.707107
236,238,0.707107
236,239,0.707107
237,163,0.707107
237,174,0.707107
237,175,0.707107
237,190,0.707107
237,224,0.707107
237,227,0.707107
237,236,0.707107
237,237,0
237,238,0.707107
237,239,0.707107
237,240,0.707107
237,252,0.707107
237,254,0.707107
238,29,0.707107
238,32,0.707107
238,44,0.707107
238,45,0.707107
238,211,0.707107
238,221,0.707107
238,223,0.707107
238,224,0.707107
238,227,0.707107
238,236,0.707107
238,237,0.707107
238,238,0
238,239,0.707107
239,41,0.707107
239,44,0.707107
239,45,0.707107
239,60,0.707107
239,233,0.707107
239,234,0.707107
239,236,0.707107
239,237,0.707107
239,238,0.707107
239,239,0
239,250,0.707107
239,252,0.707107
239,254,0.707107
240,163,0.707107
240,178,0.707107
240,179,0.707107
240,190,0.707107
240,225,0.707107
240,227,0.707107
240,237,0.707107
240,240,0
240,241,0.707107
240,242,0.707107
240,243,0.707107
240,253,0.707107
240,254,0.707107
241,130,0.707107
241,178,0.707107
241,179,0.707107
241,183,0.707107
241,192,0.707107
241,194,0.707107
241,196,0.707107
241,240,0.707107
241,241,0
241,242,0.707107
241,243,0.707107
241,244,0.707107
241,247,0.707107
242,33,0.707107
242,48,0.707107
242,49,0.707107
242,52,0.707107
242,225,0.707107
242,227,0.707107
242,231,0.707107
242,240,0.707107
242,241,0.707107
242,242,0
242,243,0.707107
242,244,0.707107
242,247,0.707107
243,0,0.707107
243,48,0.707107
243,49,0.707107
243,61,0.707107
243,192,0.707107
243,194,0.707107
243,206,0.707107
243,240,0.707107
243,241,0.707107
243,242,0.707107
243,243,0
243,253,0.707107
243,254,0.707107
244,167,0.707107
244,178,0.707107
244,182,0.707107
244,183,0.707107
244,225,0.707107
244,229,0.707107
244,231,0.707107
244,241,0.707107
244,242,0.707107
244,244,0
244,245,0.707107
244,246,0.707107
244,247,0.707107
245,134,0.707107
245,182,0.707107
245,183,0.707107
245,187,0.707107
245,196,0.707107
245,198,0.707107
245,200,0.707107
245,244,0.707107
245,245,0
245,246,0.707107
245,247,0.707107
245,248,0.707107
245,251,0.707107
246,37,0.707107
246,52,0.707107
246,53,0.707107
246,56,0.707107
246,229,0.707107
246,231,0.707107
246,235,0.707107
246,244,0.707107
246,245,0.707107
246,246,0
246,247,0.707107
246,248,0.707107
246,251,0.707107
247,4,0.707107
247,49,0.707107
247,52,0.707107
247,53,0.707107
247,194,0.707107
247,196,0.707107
247,198,0.707107
247,241,0.707107
247,242,0.707107
247,244,0.707107
247,245,0.707107
247,246,0.707107
247,247,0
248,171,0.707107
248,182,0.707107
248,186,0.707107
248,187,0.707107
248,229,0.707107
248,233,0.707107
248,235,0.707107
248,245,0.707107
248,246,0.707107
248,248,0
248,249,0.707107
248,250,0.707107
248,251,0.707107
249,138,0.707107
249,186,0.707107
249,187,0.707107
249,191,0.707107
249,200,0.707107
249,202,0.707107
249,204,0.707107
249,248,0.707107
249,249,0
249,250,0.707107
249,251,0.707107
249,252,0.707107
249,255,0.707107
250,41,0.707107
250,56,0.707107
250,57,0.707107
250,60,0.707107
250,233,0.707107
250,235,0.707107
250,239,0.707107
250,248,0.707107
250,249,0.707107
250,250,0
250,251,0.707107
250,252,0.707107
250,255,0.707107
251,8,0.707107
251,53,0.707107
251,56,0.707107
251,57,0.707107
251,198,0.707107
251,200,0.707107
251,202,0.707107
251,245,0.707107
251,246,0.707107
251,248,0.707107
251,249,0.707107
251,250,0.707107
251,251,0
252,175,0.707107
252,186,0.707107
252,190,0.707107
252,191,0.707107
252,233,0.707107
252,237,0.707107
252,239,0.707107
252,249,0.707107
252,250,0.707107
252,252,0
252,253,0.707107
252,254,0.707107
252,255,0.707107
253,142,0.707107
253,179,0.707107
253,190,0.707107
253,191,0.707107
253,192,0.707107
253,204,0.707107
253,206,0.707107
253,240,0.707107
253,243,0.707107
253,252,0.707107
253,253,0
253,254,0.707107
253,255,0.707107
254,45,0.707107
254,48,0.707107
254,60,0.707107
254,61,0.707107
254,227,0.707107
254,237,0.707107
254,239,0.707107
254,240,0.707107
254,243,0.707107
254,252,0.707107
254,253,0.707107
254,254,0
254,255,0.707107
255,12,0.707107
255,57,0.707107
255,60,0.707107
255,61,0.707107
255,202,0.707107
255,204,0.707107
255,206,0.707107
255,249,0.707107
255,250,0.707107
255,252,0.707107
255,253,0.707107
255,254,0.707107
255,255,0
