Label_1,Label_2,Distance
1,0,1
2,1,1
3,0,1
3,2,1
4,0,1
5,1,1
5,4,1
6,2,1
6,5,1
7,3,1
7,4,1
7,6,1
8,4,1
9,5,1
9,8,1
10,6,1
10,9,1
11,7,1
11,8,1
11,10,1
12,0,1
12,8,1
13,1,1
13,9,1
13,12,1
14,2,1
14,10,1
14,13,1
15,3,1
15,11,1
15,12,1
15,14,1
16,0,1
17,1,1
17,16,1
18,2,1
18,17,1
19,3,1
19,16,1
19,18,1
20,4,1
20,16,1
21,5,1
21,17,1
21,20,1
22,6,1
22,18,1
22,21,1
23,7,1
23,19,1
23,20,1
23,22,1
24,8,1
24,20,1
25,9,1
25,21,1
25,24,1
26,10,1
26,22,1
26,25,1
27,11,1
27,23,1
27,24,1
27,26,1
28,12,1
28,16,1
28,24,1
29,13,1
29,17,1
29,25,1
29,28,1
30,14,1
30,18,1
30,26,1
30,29,1
31,15,1
31,19,1
31,27,1
31,28,1
31,30,1
32,16,1
33,17,1
33,32,1
34,18,1
34,33,1
35,19,1
35,32,1
35,34,1
36,20,1
36,32,1
37,21,1
37,33,1
37,36,1
38,22,1
38,34,1
38,37,1
39,23,1
39,35,1
39,36,1
39,38,1
40,24,1
40,36,1
41,25,1
41,37,1
41,40,1
42,26,1
42,38,1
42,41,1
43,27,1
43,39,1
43,40,1
43,42,1
44,28,1
44,32,1
44,40,1
45,29,1
45,33,1
45,41,1
45,44,1
46,30,1
46,34,1
46,42,1
46,45,1
47,31,1
47,35,1
47,43,1
47,44,1
47,46,1
48,0,1
48,32,1
49,1,1
49,33,1
49,48,1
50,2,1
50,34,1
50,49,1
51,3,1
51,35,1
51,48,1
51,50,1
52,4,1
52,36,1
52,48,1
53,5,1
53,37,1
53,49,1
53,52,1
54,6,1
54,38,1
54,50,1
54,53,1
55,7,1
55,39,1
55,51,1
55,52,1
55,54,1
56,8,1
56,40,1
56,52,1
57,9,1
57,41,1
57,53,1
57,56,1
58,10,1
58,42,1
58,54,1
58,57,1
59,11,1
59,43,1
59,55,1
59,56,1
59,58,1
60,12,1
60,44,1
60,48,1
60,56,1
61,13,1
61,45,1
61,49,1
61,57,1
61,60,1
62,14,1
62,46,1
62,50,1
62,58,1
62,61,1
63,15,1
63,47,1
63,51,1
63,59,1
63,60,1
63,62,1
