Label_1,Label_2,Distance
1,0,1
2,1,1
3,2,1
4,3,1
5,0,1
5,4,1
6,0,1
7,1,1
7,6,1
8,2,1
8,7,1
9,3,1
9,8,1
10,4,1
10,9,1
11,5,1
11,6,1
11,10,1
12,6,1
13,7,1
13,12,1
14,8,1
14,13,1
15,9,1
15,14,1
16,10,1
16,15,1
17,11,1
17,12,1
17,16,1
18,12,1
19,13,1
19,18,1
20,14,1
20,19,1
21,15,1
21,20,1
22,16,1
22,21,1
23,17,1
23,18,1
23,22,1
24,18,1
25,19,1
25,24,1
26,20,1
26,25,1
27,21,1
27,26,1
28,22,1
28,27,1
29,23,1
29,24,1
29,28,1
30,0,1
30,24,1
31,1,1
31,25,1
31,30,1
32,2,1
32,26,1
32,31,1
33,3,1
33,27,1
33,32,1
34,4,1
34,28,1
34,33,1
35,5,1
35,29,1
35,30,1
35,34,1
36,0,1
37,1,1
37,36,1
38,2,1
38,37,1
39,3,1
39,38,1
40,4,1
40,39,1
41,5,1
41,36,1
41,40,1
42,6,1
42,36,1
43,7,1
43,37,1
43,42,1
44,8,1
44,38,1
44,43,1
45,9,1
45,39,1
45,44,1
46,10,1
46,40,1
46,45,1
47,11,1
47,41,1
47,42,1
47,46,1
48,12,1
48,42,1
49,13,1
49,43,1
49,48,1
50,14,1
50,44,1
50,49,1
51,15,1
51,45,1
51,50,1
52,16,1
52,46,1
52,51,1
53,17,1
53,47,1
53,48,1
53,52,1
54,18,1
54,48,1
55,19,1
55,49,1
55,54,1
56,20,1
56,50,1
56,55,1
57,21,1
57,51,1
57,56,1
58,22,1
58,52,1
58,57,1
59,23,1
59,53,1
59,54,1
59,58,1
60,24,1
60,54,1
61,25,1
61,55,1
61,60,1
62,26,1
62,56,1
62,61,1
63,27,1
63,57,1
63,62,1
64,28,1
64,58,1
64,63,1
65,29,1
65,59,1
65,60,1
65,64,1
66,30,1
66,36,1
66,60,1
67,31,1
67,37,1
67,61,1
67,66,1
68,32,1
68,38,1
68,62,1
68,67,1
69,33,1
69,39,1
69,63,1
69,68,1
70,34,1
70,40,1
70,64,1
70,69,1
71,35,1
71,41,1
71,65,1
71,66,1
71,70,1
72,36,1
73,37,1
73,72,1
74,38,1
74,73,1
75,39,1
75,74,1
76,40,1
76,75,1
77,41,1
77,72,1
77,76,1
78,42,1
78,72,1
79,43,1
79,73,1
79,78,1
80,44,1
80,74,1
80,79,1
81,45,1
81,75,1
81,80,1
82,46,1
82,76,1
82,81,1
83,47,1
83,77,1
83,78,1
83,82,1
84,48,1
84,78,1
85,49,1
85,79,1
85,84,1
86,50,1
86,80,1
86,85,1
87,51,1
87,81,1
87,86,1
88,52,1
88,82,1
88,87,1
89,53,1
89,83,1
89,84,1
89,88,1
90,54,1
90,84,1
91,55,1
91,85,1
91,90,1
92,56,1
92,86,1
92,91,1
93,57,1
93,87,1
93,92,1
94,58,1
94,88,1
94,93,1
95,59,1
95,89,1
95,90,1
95,94,1
96,60,1
96,90,1
97,61,1
97,91,1
97,96,1
98,62,1
98,92,1
98,97,1
99,63,1
99,93,1
99,98,1
100,64,1
100,94,1
100,99,1
101,65,1
101,95,1
101,96,1
101,100,1
102,66,1
102,72,1
102,96,1
103,67,1
103,73,1
103,97,1
103,102,1
104,68,1
104,74,1
104,98,1
104,103,1
105,69,1
105,75,1
105,99,1
105,104,1
106,70,1
106,76,1
106,100,1
106,105,1
107,71,1
107,77,1
107,101,1
107,102,1
107,106,1
108,72,1
109,73,1
109,108,1
110,74,1
110,109,1
111,75,1
111,110,1
112,76,1
112,111,1
113,77,1
113,108,1
113,112,1
114,78,1
114,108,1
115,79,1
115,109,1
115,114,1
116,80,1
116,110,1
116,115,1
117,81,1
117,111,1
117,116,1
118,82,1
118,112,1
118,117,1
119,83,1
119,113,1
119,114,1
119,118,1
120,84,1
120,114,1
121,85,1
121,115,1
121,120,1
122,86,1
122,116,1
122,121,1
123,87,1
123,117,1
123,122,1
124,88,1
124,118,1
124,123,1
125,89,1
125,119,1
125,120,1
125,124,1
126,90,1
126,120,1
127,91,1
127,121,1
127,126,1
128,92,1
128,122,1
128,127,1
129,93,1
129,123,1
129,128,1
130,94,1
130,124,1
130,129,1
131,95,1
131,125,1
131,126,1
131,130,1
132,96,1
132,126,1
133,97,1
133,127,1
133,132,1
134,98,1
134,128,1
134,133,1
135,99,1
135,129,1
135,134,1
136,100,1
136,130,1
136,135,1
137,101,1
137,131,1
137,132,1
137,136,1
138,102,1
138,108,1
138,132,1
139,103,1
139,109,1
139,133,1
139,138,1
140,104,1
140,110,1
140,134,1
140,139,1
141,105,1
141,111,1
141,135,1
141,140,1
142,106,1
142,112,1
142,136,1
142,141,1
143,107,1
143,113,1
143,137,1
143,138,1
143,142,1
144,108,1
145,109,1
145,144,1
146,110,1
146,145,1
147,111,1
147,146,1
148,112,1
148,147,1
149,113,1
149,144,1
149,148,1
150,114,1
150,144,1
151,115,1
151,145,1
151,150,1
152,116,1
152,146,1
152,151,1
153,117,1
153,147,1
153,152,1
154,118,1
154,148,1
154,153,1
155,119,1
155,149,1
155,150,1
155,154,1
156,120,1
156,150,1
157,121,1
157,151,1
157,156,1
158,122,1
158,152,1
158,157,1
159,123,1
159,153,1
159,158,1
160,124,1
160,154,1
160,159,1
161,125,1
161,155,1
161,156,1
161,160,1
162,126,1
162,156,1
163,127,1
163,157,1
163,162,1
164,128,1
164,158,1
164,163,1
165,129,1
165,159,1
165,164,1
166,130,1
166,160,1
166,165,1
167,131,1
167,161,1
167,162,1
167,166,1
168,132,1
168,162,1
169,133,1
169,163,1
169,168,1
170,134,1
170,164,1
170,169,1
171,135,1
171,165,1
171,170,1
172,136,1
172,166,1
172,171,1
173,137,1
173,167,1
173,168,1
173,172,1
174,138,1
174,144,1
174,168,1
175,139,1
175,145,1
175,169,1
175,174,1
176,140,1
176,146,1
176,170,1
176,175,1
177,141,1
177,147,1
177,171,1
177,176,1
178,142,1
178,148,1
178,172,1
178,177,1
179,143,1
179,149,1
179,173,1
179,174,1
179,178,1
180,0,1
180,144,1
181,1,1
181,145,1
181,180,1
182,2,1
182,146,1
182,181,1
183,3,1
183,147,1
183,182,1
184,4,1
184,148,1
184,183,1
185,5,1
185,149,1
185,180,1
185,184,1
186,6,1
186,150,1
186,180,1
187,7,1
187,151,1
187,181,1
187,186,1
188,8,1
188,152,1
188,182,1
188,187,1
189,9,1
189,153,1
189,183,1
189,188,1
190,10,1
190,154,1
190,184,1
190,189,1
191,11,1
191,155,1
191,185,1
191,186,1
191,190,1
192,12,1
192,156,1
192,186,1
193,13,1
193,157,1
193,187,1
193,192,1
194,14,1
194,158,1
194,188,1
194,193,1
195,15,1
195,159,1
195,189,1
195,194,1
196,16,1
196,160,1
196,190,1
196,195,1
197,17,1
197,161,1
197,191,1
197,192,1
197,196,1
198,18,1
198,162,1
198,192,1
199,19,1
199,163,1
199,193,1
199,198,1
200,20,1
200,164,1
200,194,1
200,199,1
201,21,1
201,165,1
201,195,1
201,200,1
202,22,1
202,166,1
202,196,1
202,201,1
203,23,1
203,167,1
203,197,1
203,198,1
203,202,1
204,24,1
204,168,1
204,198,1
205,25,1
205,169,1
205,199,1
205,204,1
206,26,1
206,170,1
206,200,1
206,205,1
207,27,1
207,171,1
207,201,1
207,206,1
208,28,1
208,172,1
208,202,1
208,207,1
209,29,1
209,173,1
209,203,1
209,204,1
209,208,1
210,30,1
210,174,1
210,180,1
210,204,1
211,31,1
211,175,1
211,181,1
211,205,1
211,210,1
212,32,1
212,176,1
212,182,1
212,206,1
212,211,1
213,33,1
213,177,1
213,183,1
213,207,1
213,212,1
214,34,1
214,178,1
214,184,1
214,208,1
214,213,1
215,35,1
215,179,1
215,185,1
215,209,1
215,210,1
215,214,1
